1 1 1 0.00
1 10 5 0.00
1 1 1 0.00
1 1 1 0.00
1 1 1 0.00
1 1 1 0.00
1 1 1 0.00
1 1 1 0.00
1 9 5 0.00
1 1 1 0.00
1 1 1 0.00
1 1 1 0.00
1 1 1 0.00
1 1 1 0.00
1 1 1 0.00
1 1 1 0.00
1 1 1 0.00
1 1 1 0.00
1 1 1 0.00
1 1 1 0.00
1 1 1 0.00
1 1 1 0.00
1 2 2 0.00
1 1 1 0.00
1 1 1 0.00
1 1 1 0.00
1 1 1 0.00
1 1 1 0.00
1 11 4 0.00
1 2 2 0.00
1 1 1 0.00
1 1 1 0.00
1 1 1 0.00
1 1 1 0.00
1 1 1 0.00
1 1 1 0.00
1 1 1 0.00
1 1 1 0.00
1 1 1 0.00
1 1 1 0.00
1 1 1 0.00
1 1 1 0.00
1 1 1 0.00
1 1 1 0.00
1 1 1 0.00
1 1 1 0.00
1 1 1 0.00
1 1 1 0.00
1 8 4 0.00
1 1 1 0.00
1 1 1 0.00
1 1 1 0.00
1 1 1 0.00
1 1 1 0.00
1 1 1 0.00
1 1 1 0.00
1 1 1 0.00
1 13 5 0.00
1 1 1 0.00
1 1 1 0.00
1 10 4 0.00
1 1 1 0.00
1 1 1 0.00
1 1 1 0.00
1 1 1 0.00
1 1 1 0.00
1 8 5 0.00
1 1 1 0.00
1 1 1 0.00
1 1 1 0.00
1 1 1 0.00
1 1 1 0.00
1 1 1 0.00
1 1 1 0.00
1 1 1 0.00
1 1 1 0.00
1 1 1 0.00
1 1 1 0.00
1 1 1 0.00
1 1 1 0.00
1 1 1 0.00
1 1 1 0.00
1 1 1 0.00
1 1 1 0.00
1 1 1 0.00
1 1 1 0.00
1 1 1 0.00
1 1 1 0.00
1 1 1 0.00
1 1 1 0.00
1 1 1 0.00
1 1 1 0.00
1 1 1 0.00
1 1 1 0.00
1 1 1 0.00
1 1 1 0.00
1 1 1 0.00
1 1 1 0.00
1 1 1 0.00
1 1 1 0.00
1 2 2 0.10
1 1 1 0.10
1 5 5 0.10
1 1 1 0.10
1 14 7 0.10
1 1 1 0.10
1 1 1 0.10
1 10 5 0.10
1 1 1 0.10
1 1 1 0.10
1 1 1 0.10
1 1 1 0.10
1 1 1 0.10
1 1 1 0.10
1 3 2 0.10
1 1 1 0.10
1 1 1 0.10
1 1 1 0.10
1 1 1 0.10
1 1 1 0.10
1 12 4 0.10
1 1 1 0.10
1 1 1 0.10
1 36 8 0.10
1 1 1 0.10
1 1 1 0.10
1 1 1 0.10
1 5 3 0.10
1 1 1 0.10
1 1 1 0.10
1 1 1 0.10
1 5 5 0.10
1 1 1 0.10
1 1 1 0.10
1 1 1 0.10
1 1 1 0.10
1 1 1 0.10
1 6 6 0.10
1 1 1 0.10
1 1 1 0.10
1 1 1 0.10
1 1 1 0.10
1 1 1 0.10
1 1 1 0.10
1 1 1 0.10
1 4 3 0.10
1 1 1 0.10
1 1 1 0.10
1 1 1 0.10
1 1 1 0.10
1 1 1 0.10
1 1 1 0.10
1 1 1 0.10
1 1 1 0.10
1 5 3 0.10
1 1 1 0.10
1 1 1 0.10
1 1 1 0.10
1 1 1 0.10
1 1 1 0.10
1 1 1 0.10
1 1 1 0.10
1 1 1 0.10
1 1 1 0.10
1 1 1 0.10
1 1 1 0.10
1 1 1 0.10
1 10 4 0.10
1 1 1 0.10
1 1 1 0.10
1 1 1 0.10
1 5 5 0.10
1 2 2 0.10
1 1 1 0.10
1 1 1 0.10
1 1 1 0.10
1 1 1 0.10
1 1 1 0.10
1 13 5 0.10
1 1 1 0.10
1 1 1 0.10
1 2 2 0.10
1 3 2 0.10
1 1 1 0.10
1 1 1 0.10
1 1 1 0.10
1 1 1 0.10
1 1 1 0.10
1 1 1 0.10
1 1 1 0.10
1 1 1 0.10
1 1 1 0.10
1 1 1 0.10
1 1 1 0.10
1 1 1 0.10
1 1 1 0.10
1 1 1 0.10
1 1 1 0.10
1 1 1 0.10
1 1 1 0.10
1 4 4 0.20
1 1 1 0.20
1 1 1 0.20
1 1 1 0.20
1 1 1 0.20
1 1 1 0.20
1 1 1 0.20
1 1 1 0.20
1 1 1 0.20
1 1 1 0.20
1 1 1 0.20
1 1 1 0.20
1 1 1 0.20
1 1 1 0.20
1 1 1 0.20
1 1 1 0.20
1 1 1 0.20
1 1 1 0.20
1 1 1 0.20
1 1 1 0.20
1 1 1 0.20
1 1 1 0.20
1 12 7 0.20
1 1 1 0.20
1 1 1 0.20
1 1 1 0.20
1 1 1 0.20
1 1 1 0.20
1 3 3 0.20
1 1 1 0.20
1 15 7 0.20
1 1 1 0.20
1 1 1 0.20
1 1 1 0.20
1 1 1 0.20
1 1 1 0.20
1 1 1 0.20
1 1 1 0.20
1 14 6 0.20
1 1 1 0.20
1 1 1 0.20
1 1 1 0.20
1 8 5 0.20
1 1 1 0.20
1 1 1 0.20
1 1 1 0.20
1 1 1 0.20
1 1 1 0.20
1 1 1 0.20
1 1 1 0.20
1 1 1 0.20
1 1 1 0.20
1 1 1 0.20
1 1 1 0.20
1 1 1 0.20
1 1 1 0.20
1 1 1 0.20
1 1 1 0.20
1 38 10 0.20
1 1 1 0.20
1 1 1 0.20
1 1 1 0.20
1 1 1 0.20
1 1 1 0.20
1 1 1 0.20
1 1 1 0.20
1 1 1 0.20
1 1 1 0.20
1 4 3 0.20
1 1 1 0.20
1 13 6 0.20
1 1 1 0.20
1 1 1 0.20
1 3 3 0.20
1 1 1 0.20
1 1 1 0.20
1 1 1 0.20
1 1 1 0.20
1 1 1 0.20
1 1 1 0.20
1 12 4 0.20
1 15 7 0.20
1 1 1 0.20
1 1 1 0.20
1 1 1 0.20
1 12 7 0.20
1 1 1 0.20
1 1 1 0.20
1 1 1 0.20
1 1 1 0.20
1 1 1 0.20
1 1 1 0.20
1 1 1 0.20
1 1 1 0.20
1 1 1 0.20
1 1 1 0.20
1 1 1 0.20
1 1 1 0.20
1 1 1 0.20
1 1 1 0.20
1 1 1 0.30
1 1 1 0.30
1 1 1 0.30
1 1 1 0.30
1 1 1 0.30
1 1 1 0.30
1 1 1 0.30
1 1 1 0.30
1 1 1 0.30
1 1 1 0.30
1 1 1 0.30
1 1 1 0.30
1 1 1 0.30
1 6 4 0.30
1 1 1 0.30
1 1 1 0.30
1 1 1 0.30
1 12 5 0.30
1 1 1 0.30
1 1 1 0.30
1 1 1 0.30
1 1 1 0.30
1 1 1 0.30
1 1 1 0.30
1 1 1 0.30
1 1 1 0.30
1 1 1 0.30
1 1 1 0.30
1 1 1 0.30
1 1 1 0.30
1 12 5 0.30
1 1 1 0.30
1 1 1 0.30
1 1 1 0.30
1 1 1 0.30
1 1 1 0.30
1 1 1 0.30
1 1 1 0.30
1 1 1 0.30
1 1 1 0.30
1 1 1 0.30
1 1 1 0.30
1 2 2 0.30
1 1 1 0.30
1 1 1 0.30
1 1 1 0.30
1 1 1 0.30
1 1 1 0.30
1 18 8 0.30
1 1 1 0.30
1 14 9 0.30
1 1 1 0.30
1 1 1 0.30
1 1 1 0.30
1 1 1 0.30
1 1 1 0.30
1 1 1 0.30
1 1 1 0.30
1 1 1 0.30
1 1 1 0.30
1 1 1 0.30
1 1 1 0.30
1 1 1 0.30
1 1 1 0.30
1 1 1 0.30
1 1 1 0.30
1 1 1 0.30
1 1 1 0.30
1 9 4 0.30
1 1 1 0.30
1 1 1 0.30
1 1 1 0.30
1 1 1 0.30
1 1 1 0.30
1 1 1 0.30
1 1 1 0.30
1 1 1 0.30
1 8 4 0.30
1 27 11 0.30
1 7 5 0.30
1 1 1 0.30
1 1 1 0.30
1 1 1 0.30
1 1 1 0.30
1 1 1 0.30
1 1 1 0.30
1 1 1 0.30
1 1 1 0.30
1 1 1 0.30
1 1 1 0.30
1 1 1 0.30
1 1 1 0.30
1 1 1 0.30
1 1 1 0.30
1 28 12 0.30
1 1 1 0.30
1 1 1 0.30
1 1 1 0.30
1 28 12 0.30
1 3 3 0.30
1 1 1 0.40
1 1 1 0.40
1 1 1 0.40
1 1 1 0.40
1 1 1 0.40
1 2 2 0.40
1 1 1 0.40
1 1 1 0.40
1 6 6 0.40
1 1 1 0.40
1 1 1 0.40
1 1 1 0.40
1 1 1 0.40
1 1 1 0.40
1 1 1 0.40
1 1 1 0.40
1 1 1 0.40
1 1 1 0.40
1 1 1 0.40
1 1 1 0.40
1 1 1 0.40
1 1 1 0.40
1 1 1 0.40
1 1 1 0.40
1 1 1 0.40
1 1 1 0.40
1 1 1 0.40
1 11 4 0.40
1 1 1 0.40
1 1 1 0.40
1 1 1 0.40
1 1 1 0.40
1 6 5 0.40
1 1 1 0.40
1 1 1 0.40
1 1 1 0.40
1 1 1 0.40
1 1 1 0.40
1 1 1 0.40
1 1 1 0.40
1 1 1 0.40
1 1 1 0.40
1 1 1 0.40
1 1 1 0.40
1 1 1 0.40
1 1 1 0.40
1 1 1 0.40
1 1 1 0.40
1 1 1 0.40
1 1 1 0.40
1 1 1 0.40
1 1 1 0.40
1 1 1 0.40
1 1 1 0.40
1 1 1 0.40
1 1 1 0.40
1 1 1 0.40
1 1 1 0.40
1 1 1 0.40
1 1 1 0.40
1 1 1 0.40
1 1 1 0.40
1 1 1 0.40
1 1 1 0.40
1 1 1 0.40
1 1 1 0.40
1 1 1 0.40
1 1 1 0.40
1 1 1 0.40
1 1 1 0.40
1 1 1 0.40
1 1 1 0.40
1 1 1 0.40
1 1 1 0.40
1 1 1 0.40
1 1 1 0.40
1 1 1 0.40
1 1 1 0.40
1 3 3 0.40
1 1 1 0.40
1 1 1 0.40
1 1 1 0.40
1 1 1 0.40
1 1 1 0.40
1 1 1 0.40
1 10 6 0.40
1 1 1 0.40
1 1 1 0.40
1 1 1 0.40
1 1 1 0.40
1 1 1 0.40
1 9 4 0.40
1 1 1 0.40
1 1 1 0.40
1 1 1 0.40
1 1 1 0.40
1 1 1 0.40
1 1 1 0.40
1 1 1 0.40
1 1 1 0.40
1 1 1 0.50
1 1 1 0.50
1 23 8 0.50
1 1 1 0.50
1 1 1 0.50
1 1 1 0.50
1 1 1 0.50
1 1 1 0.50
1 1 1 0.50
1 1 1 0.50
1 1 1 0.50
1 1 1 0.50
1 1 1 0.50
1 1 1 0.50
1 1 1 0.50
1 1 1 0.50
1 1 1 0.50
1 1 1 0.50
1 1 1 0.50
1 1 1 0.50
1 1 1 0.50
1 1 1 0.50
1 1 1 0.50
1 1 1 0.50
1 1 1 0.50
1 1 1 0.50
1 1 1 0.50
1 1 1 0.50
1 1 1 0.50
1 2 2 0.50
1 1 1 0.50
1 1 1 0.50
1 1 1 0.50
1 1 1 0.50
1 1 1 0.50
1 1 1 0.50
1 1 1 0.50
1 1 1 0.50
1 1 1 0.50
1 1 1 0.50
1 1 1 0.50
1 2 2 0.50
1 1 1 0.50
1 1 1 0.50
1 1 1 0.50
1 1 1 0.50
1 1 1 0.50
1 1 1 0.50
1 1 1 0.50
1 1 1 0.50
1 1 1 0.50
1 1 1 0.50
1 1 1 0.50
1 1 1 0.50
1 1 1 0.50
1 1 1 0.50
1 1 1 0.50
1 1 1 0.50
1 1 1 0.50
1 1 1 0.50
1 1 1 0.50
1 1 1 0.50
1 1 1 0.50
1 1 1 0.50
1 1 1 0.50
1 1 1 0.50
1 1 1 0.50
1 1 1 0.50
1 23 10 0.50
1 1 1 0.50
1 1 1 0.50
1 1 1 0.50
1 1 1 0.50
1 1 1 0.50
1 1 1 0.50
1 1 1 0.50
1 1 1 0.50
1 1 1 0.50
1 1 1 0.50
1 1 1 0.50
1 1 1 0.50
1 1 1 0.50
1 1 1 0.50
1 1 1 0.50
1 1 1 0.50
1 1 1 0.50
1 1 1 0.50
1 1 1 0.50
1 1 1 0.50
1 1 1 0.50
1 1 1 0.50
1 1 1 0.50
1 1 1 0.50
1 1 1 0.50
1 1 1 0.50
1 1 1 0.50
1 1 1 0.50
1 1 1 0.50
1 1 1 0.50
1 1 1 0.50
1 1 1 0.60
1 1 1 0.60
1 1 1 0.60
1 2 2 0.60
1 1 1 0.60
1 1 1 0.60
1 1 1 0.60
1 1 1 0.60
1 12 6 0.60
1 1 1 0.60
1 1 1 0.60
1 1 1 0.60
1 1 1 0.60
1 1 1 0.60
1 1 1 0.60
1 1 1 0.60
1 1 1 0.60
1 15 6 0.60
1 1 1 0.60
1 1 1 0.60
1 1 1 0.60
1 5 3 0.60
1 1 1 0.60
1 1 1 0.60
1 2 2 0.60
1 21 5 0.60
1 1 1 0.60
1 1 1 0.60
1 1 1 0.60
1 1 1 0.60
1 10 7 0.60
1 1 1 0.60
1 56 17 0.60
1 12 6 0.60
1 1 1 0.60
1 1 1 0.60
1 1 1 0.60
1 1 1 0.60
1 10 5 0.60
1 1 1 0.60
1 1 1 0.60
1 3 3 0.60
1 1 1 0.60
1 1 1 0.60
1 11 6 0.60
1 1 1 0.60
1 1 1 0.60
1 1 1 0.60
1 1 1 0.60
1 1 1 0.60
1 57 18 0.60
1 1 1 0.60
1 1 1 0.60
1 1 1 0.60
1 1 1 0.60
1 57 21 0.60
1 1 1 0.60
1 1 1 0.60
1 1 1 0.60
1 1 1 0.60
1 5 3 0.60
1 2 2 0.60
1 1 1 0.60
1 1 1 0.60
1 14 6 0.60
1 57 19 0.60
1 3 2 0.60
1 1 1 0.60
1 1 1 0.60
1 1 1 0.60
1 1 1 0.60
1 1 1 0.60
1 1 1 0.60
1 15 8 0.60
1 1 1 0.60
1 1 1 0.60
1 1 1 0.60
1 1 1 0.60
1 1 1 0.60
1 1 1 0.60
1 56 16 0.60
1 1 1 0.60
1 1 1 0.60
1 1 1 0.60
1 1 1 0.60
1 1 1 0.60
1 1 1 0.60
1 1 1 0.60
1 1 1 0.60
1 1 1 0.60
1 1 1 0.60
1 1 1 0.60
1 1 1 0.60
1 1 1 0.60
1 1 1 0.60
1 1 1 0.60
1 1 1 0.60
1 1 1 0.60
1 1 1 0.60
1 6 4 0.60
1 1 1 0.70
1 2 2 0.70
1 1 1 0.70
1 1 1 0.70
1 1 1 0.70
1 7 6 0.70
1 2 2 0.70
1 1 1 0.70
1 1 1 0.70
1 1 1 0.70
1 1 1 0.70
1 1 1 0.70
1 1 1 0.70
1 1 1 0.70
1 1 1 0.70
1 6 6 0.70
1 1 1 0.70
1 1 1 0.70
1 1 1 0.70
1 1 1 0.70
1 1 1 0.70
1 1 1 0.70
1 1 1 0.70
1 1 1 0.70
1 1 1 0.70
1 1 1 0.70
1 1 1 0.70
1 1 1 0.70
1 1 1 0.70
1 1 1 0.70
1 10 5 0.70
1 1 1 0.70
1 1 1 0.70
1 1 1 0.70
1 1 1 0.70
1 1 1 0.70
1 1 1 0.70
1 1 1 0.70
1 1 1 0.70
1 1 1 0.70
1 1 1 0.70
1 1 1 0.70
1 2 2 0.70
1 1 1 0.70
1 1 1 0.70
1 1 1 0.70
1 1 1 0.70
1 1 1 0.70
1 1 1 0.70
1 1 1 0.70
1 3 2 0.70
1 1 1 0.70
1 1 1 0.70
1 1 1 0.70
1 1 1 0.70
1 1 1 0.70
1 1 1 0.70
1 1 1 0.70
1 1 1 0.70
1 1 1 0.70
1 1 1 0.70
1 1 1 0.70
1 1 1 0.70
1 1 1 0.70
1 1 1 0.70
1 1 1 0.70
1 1 1 0.70
1 1 1 0.70
1 1 1 0.70
1 1 1 0.70
1 1 1 0.70
1 1 1 0.70
1 1 1 0.70
1 1 1 0.70
1 1 1 0.70
1 1 1 0.70
1 1 1 0.70
1 1 1 0.70
1 1 1 0.70
1 1 1 0.70
1 1 1 0.70
1 1 1 0.70
1 7 3 0.70
1 1 1 0.70
1 1 1 0.70
1 1 1 0.70
1 1 1 0.70
1 1 1 0.70
1 1 1 0.70
1 1 1 0.70
1 1 1 0.70
1 1 1 0.70
1 1 1 0.70
1 1 1 0.70
1 1 1 0.70
1 1 1 0.70
1 10 4 0.70
1 1 1 0.70
1 1 1 0.70
1 1 1 0.70
1 1 1 0.80
1 1 1 0.80
1 1 1 0.80
1 1 1 0.80
1 1 1 0.80
1 3 2 0.80
1 1 1 0.80
1 1 1 0.80
1 1 1 0.80
1 1 1 0.80
1 1 1 0.80
1 1 1 0.80
1 1 1 0.80
1 1 1 0.80
1 1 1 0.80
1 1 1 0.80
1 1 1 0.80
1 1 1 0.80
1 1 1 0.80
1 1 1 0.80
1 1 1 0.80
1 1 1 0.80
1 1 1 0.80
1 1 1 0.80
1 1 1 0.80
1 1 1 0.80
1 1 1 0.80
1 1 1 0.80
1 1 1 0.80
1 1 1 0.80
1 1 1 0.80
1 1 1 0.80
1 1 1 0.80
1 1 1 0.80
1 1 1 0.80
1 1 1 0.80
1 1 1 0.80
1 1 1 0.80
1 1 1 0.80
1 1 1 0.80
1 1 1 0.80
1 31 8 0.80
1 1 1 0.80
1 1 1 0.80
1 1 1 0.80
1 1 1 0.80
1 7 4 0.80
1 1 1 0.80
1 1 1 0.80
1 1 1 0.80
1 1 1 0.80
1 1 1 0.80
1 1 1 0.80
1 1 1 0.80
1 1 1 0.80
1 1 1 0.80
1 1 1 0.80
1 1 1 0.80
1 1 1 0.80
1 1 1 0.80
1 1 1 0.80
1 1 1 0.80
1 1 1 0.80
1 1 1 0.80
1 1 1 0.80
1 1 1 0.80
1 1 1 0.80
1 1 1 0.80
1 1 1 0.80
1 1 1 0.80
1 1 1 0.80
1 1 1 0.80
1 1 1 0.80
1 2 2 0.80
1 1 1 0.80
1 5 3 0.80
1 4 4 0.80
1 1 1 0.80
1 1 1 0.80
1 1 1 0.80
1 1 1 0.80
1 1 1 0.80
1 1 1 0.80
1 4 2 0.80
1 1 1 0.80
1 1 1 0.80
1 1 1 0.80
1 1 1 0.80
1 1 1 0.80
1 1 1 0.80
1 1 1 0.80
1 1 1 0.80
1 1 1 0.80
1 1 1 0.80
1 1 1 0.80
1 1 1 0.80
1 1 1 0.80
1 1 1 0.80
1 1 1 0.80
1 20 7 0.80
1 3 3 0.90
1 1 1 0.90
1 1 1 0.90
1 1 1 0.90
1 34 12 0.90
1 1 1 0.90
1 1 1 0.90
1 1 1 0.90
1 1 1 0.90
1 22 6 0.90
1 1 1 0.90
1 1 1 0.90
1 5 4 0.90
1 1 1 0.90
1 1 1 0.90
1 1 1 0.90
1 1 1 0.90
1 1 1 0.90
1 34 8 0.90
1 1 1 0.90
1 1 1 0.90
1 1 1 0.90
1 1 1 0.90
1 2 2 0.90
1 1 1 0.90
1 2 2 0.90
1 1 1 0.90
1 1 1 0.90
1 1 1 0.90
1 1 1 0.90
1 1 1 0.90
1 1 1 0.90
1 1 1 0.90
1 1 1 0.90
1 2 2 0.90
1 1 1 0.90
1 1 1 0.90
1 1 1 0.90
1 1 1 0.90
1 1 1 0.90
1 1 1 0.90
1 1 1 0.90
1 1 1 0.90
1 1 1 0.90
1 1 1 0.90
1 1 1 0.90
1 1 1 0.90
1 1 1 0.90
1 28 10 0.90
1 1 1 0.90
1 1 1 0.90
1 1 1 0.90
1 1 1 0.90
1 1 1 0.90
1 1 1 0.90
1 1 1 0.90
1 1 1 0.90
1 1 1 0.90
1 1 1 0.90
1 1 1 0.90
1 1 1 0.90
1 1 1 0.90
1 1 1 0.90
1 1 1 0.90
1 1 1 0.90
1 1 1 0.90
1 1 1 0.90
1 2 2 0.90
1 1 1 0.90
1 1 1 0.90
1 1 1 0.90
1 1 1 0.90
1 1 1 0.90
1 1 1 0.90
1 1 1 0.90
1 1 1 0.90
1 1 1 0.90
1 1 1 0.90
1 1 1 0.90
1 1 1 0.90
1 1 1 0.90
1 1 1 0.90
1 1 1 0.90
1 1 1 0.90
1 2 2 0.90
1 1 1 0.90
1 3 3 0.90
1 1 1 0.90
1 1 1 0.90
1 1 1 0.90
1 1 1 0.90
1 1 1 0.90
1 1 1 0.90
1 2 2 0.90
1 1 1 0.90
1 1 1 0.90
1 2 2 0.90
1 1 1 0.90
1 7 4 0.90
1 1 1 0.90
1 1 1 1.00
1 1 1 1.00
1 1 1 1.00
1 1 1 1.00
1 1 1 1.00
1 3 3 1.00
1 1 1 1.00
1 1 1 1.00
1 1 1 1.00
1 1 1 1.00
1 1 1 1.00
1 1 1 1.00
1 1 1 1.00
1 1 1 1.00
1 1 1 1.00
1 1 1 1.00
1 1 1 1.00
1 1 1 1.00
1 1 1 1.00
1 1 1 1.00
1 1 1 1.00
1 1 1 1.00
1 1 1 1.00
1 1 1 1.00
1 1 1 1.00
1 1 1 1.00
1 1 1 1.00
1 1 1 1.00
1 1 1 1.00
1 1 1 1.00
1 1 1 1.00
1 1 1 1.00
1 11 4 1.00
1 1 1 1.00
1 1 1 1.00
1 1 1 1.00
1 1 1 1.00
1 1 1 1.00
1 1 1 1.00
1 1 1 1.00
1 1 1 1.00
1 1 1 1.00
1 1 1 1.00
1 1 1 1.00
1 1 1 1.00
1 1 1 1.00
1 1 1 1.00
1 1 1 1.00
1 1 1 1.00
1 1 1 1.00
1 1 1 1.00
1 1 1 1.00
1 1 1 1.00
1 1 1 1.00
1 1 1 1.00
1 1 1 1.00
1 1 1 1.00
1 1 1 1.00
1 1 1 1.00
1 1 1 1.00
1 1 1 1.00
1 2 2 1.00
1 1 1 1.00
1 1 1 1.00
1 1 1 1.00
1 1 1 1.00
1 1 1 1.00
1 1 1 1.00
1 1 1 1.00
1 1 1 1.00
1 1 1 1.00
1 1 1 1.00
1 1 1 1.00
1 1 1 1.00
1 1 1 1.00
1 1 1 1.00
1 3 3 1.00
1 1 1 1.00
1 1 1 1.00
1 5 4 1.00
1 1 1 1.00
1 1 1 1.00
1 1 1 1.00
1 1 1 1.00
1 1 1 1.00
1 1 1 1.00
1 1 1 1.00
1 1 1 1.00
1 1 1 1.00
1 1 1 1.00
1 1 1 1.00
1 1 1 1.00
1 1 1 1.00
1 1 1 1.00
1 1 1 1.00
1 1 1 1.00
1 1 1 1.00
1 1 1 1.00
1 1 1 1.00
1 1 1 1.00
1 1 1 0.00
1 1 1 0.00
1 1 1 0.00
1 1 1 0.00
1 1 1 0.00
1 1 1 0.00
1 1 1 0.00
1 1 1 0.00
1 1 1 0.00
1 1 1 0.00
1 1 1 0.00
1 1 1 0.00
1 1 1 0.00
1 1 1 0.00
1 1 1 0.00
1 1 1 0.00
1 1 1 0.00
1 1 1 0.00
1 1 1 0.00
1 1 1 0.00
1 1 1 0.00
1 1 1 0.00
1 1 1 0.00
1 1 1 0.00
1 1 1 0.00
1 1 1 0.00
1 1 1 0.00
1 1 1 0.00
1 1 1 0.00
1 1 1 0.00
1 3 3 0.00
1 1 1 0.00
1 1 1 0.00
1 1 1 0.00
1 1 1 0.00
1 1 1 0.00
1 1 1 0.00
1 1 1 0.00
1 1 1 0.00
1 1 1 0.00
1 1 1 0.00
1 3 2 0.00
1 1 1 0.00
1 1 1 0.00
1 1 1 0.00
1 1 1 0.00
1 1 1 0.00
1 1 1 0.00
1 1 1 0.00
1 1 1 0.00
1 1 1 0.00
1 1 1 0.00
1 1 1 0.00
1 1 1 0.00
1 1 1 0.00
1 1 1 0.00
1 1 1 0.00
1 1 1 0.00
1 1 1 0.00
1 1 1 0.00
1 1 1 0.00
1 7 4 0.00
1 1 1 0.00
1 1 1 0.00
1 1 1 0.00
1 1 1 0.00
1 1 1 0.00
1 1 1 0.00
1 1 1 0.00
1 1 1 0.00
1 1 1 0.00
1 1 1 0.00
1 1 1 0.00
1 1 1 0.00
1 1 1 0.00
1 1 1 0.00
1 3 2 0.00
1 1 1 0.00
1 1 1 0.00
1 1 1 0.00
1 1 1 0.00
1 1 1 0.00
1 1 1 0.00
1 1 1 0.00
1 4 3 0.00
1 1 1 0.00
1 1 1 0.00
1 3 3 0.00
1 1 1 0.00
1 1 1 0.00
1 1 1 0.00
1 1 1 0.00
1 1 1 0.00
1 1 1 0.00
1 1 1 0.00
1 1 1 0.00
1 1 1 0.00
1 2 2 0.00
1 1 1 0.00
1 1 1 0.00
1 1 1 0.10
1 1 1 0.10
1 1 1 0.10
1 1 1 0.10
1 1 1 0.10
1 1 1 0.10
1 1 1 0.10
1 1 1 0.10
1 1 1 0.10
1 1 1 0.10
1 1 1 0.10
1 1 1 0.10
1 1 1 0.10
1 1 1 0.10
1 1 1 0.10
1 1 1 0.10
1 1 1 0.10
1 1 1 0.10
1 6 4 0.10
1 7 5 0.10
1 1 1 0.10
1 1 1 0.10
1 1 1 0.10
1 6 3 0.10
1 1 1 0.10
1 1 1 0.10
1 26 10 0.10
1 1 1 0.10
1 1 1 0.10
1 1 1 0.10
1 1 1 0.10
1 1 1 0.10
1 1 1 0.10
1 1 1 0.10
1 1 1 0.10
1 1 1 0.10
1 1 1 0.10
1 1 1 0.10
1 1 1 0.10
1 1 1 0.10
1 1 1 0.10
1 1 1 0.10
1 1 1 0.10
1 1 1 0.10
1 1 1 0.10
1 1 1 0.10
1 1 1 0.10
1 1 1 0.10
1 1 1 0.10
1 1 1 0.10
1 1 1 0.10
1 6 5 0.10
1 1 1 0.10
1 1 1 0.10
1 1 1 0.10
1 1 1 0.10
1 1 1 0.10
1 1 1 0.10
1 1 1 0.10
1 1 1 0.10
1 1 1 0.10
1 1 1 0.10
1 1 1 0.10
1 1 1 0.10
1 1 1 0.10
1 1 1 0.10
1 1 1 0.10
1 1 1 0.10
1 1 1 0.10
1 1 1 0.10
1 1 1 0.10
1 4 3 0.10
1 1 1 0.10
1 1 1 0.10
1 1 1 0.10
1 1 1 0.10
1 1 1 0.10
1 1 1 0.10
1 1 1 0.10
1 1 1 0.10
1 1 1 0.10
1 1 1 0.10
1 1 1 0.10
1 1 1 0.10
1 1 1 0.10
1 1 1 0.10
1 1 1 0.10
1 1 1 0.10
1 1 1 0.10
1 1 1 0.10
1 1 1 0.10
1 1 1 0.10
1 26 10 0.10
1 1 1 0.10
1 1 1 0.10
1 1 1 0.10
1 1 1 0.10
1 1 1 0.10
1 2 2 0.10
1 1 1 0.10
1 1 1 0.20
1 1 1 0.20
1 1 1 0.20
1 1 1 0.20
1 1 1 0.20
1 1 1 0.20
1 1 1 0.20
1 1 1 0.20
1 1 1 0.20
1 1 1 0.20
1 4 4 0.20
1 1 1 0.20
1 1 1 0.20
1 1 1 0.20
1 3 3 0.20
1 1 1 0.20
1 1 1 0.20
1 1 1 0.20
1 1 1 0.20
1 1 1 0.20
1 1 1 0.20
1 1 1 0.20
1 1 1 0.20
1 1 1 0.20
1 1 1 0.20
1 1 1 0.20
1 1 1 0.20
1 1 1 0.20
1 3 2 0.20
1 1 1 0.20
1 9 5 0.20
1 1 1 0.20
1 1 1 0.20
1 1 1 0.20
1 1 1 0.20
1 1 1 0.20
1 1 1 0.20
1 1 1 0.20
1 6 3 0.20
1 1 1 0.20
1 1 1 0.20
1 1 1 0.20
1 1 1 0.20
1 1 1 0.20
1 1 1 0.20
1 1 1 0.20
1 1 1 0.20
1 1 1 0.20
1 1 1 0.20
1 1 1 0.20
1 1 1 0.20
1 1 1 0.20
1 1 1 0.20
1 1 1 0.20
1 1 1 0.20
1 1 1 0.20
1 1 1 0.20
1 1 1 0.20
1 1 1 0.20
1 1 1 0.20
1 1 1 0.20
1 1 1 0.20
1 1 1 0.20
1 1 1 0.20
1 1 1 0.20
1 1 1 0.20
1 1 1 0.20
1 1 1 0.20
1 1 1 0.20
1 1 1 0.20
1 1 1 0.20
1 1 1 0.20
1 1 1 0.20
1 1 1 0.20
1 5 5 0.20
1 1 1 0.20
1 1 1 0.20
1 1 1 0.20
1 1 1 0.20
1 1 1 0.20
1 1 1 0.20
1 1 1 0.20
1 1 1 0.20
1 1 1 0.20
1 1 1 0.20
1 1 1 0.20
1 9 5 0.20
1 1 1 0.20
1 1 1 0.20
1 1 1 0.20
1 1 1 0.20
1 1 1 0.20
1 1 1 0.20
1 1 1 0.20
1 1 1 0.20
1 3 2 0.20
1 1 1 0.20
1 1 1 0.20
1 1 1 0.20
1 1 1 0.20
1 1 1 0.30
1 15 5 0.30
1 1 1 0.30
1 1 1 0.30
1 1 1 0.30
1 1 1 0.30
1 1 1 0.30
1 1 1 0.30
1 1 1 0.30
1 1 1 0.30
1 5 3 0.30
1 1 1 0.30
1 1 1 0.30
1 1 1 0.30
1 1 1 0.30
1 1 1 0.30
1 1 1 0.30
1 1 1 0.30
1 1 1 0.30
1 1 1 0.30
1 1 1 0.30
1 1 1 0.30
1 1 1 0.30
1 1 1 0.30
1 1 1 0.30
1 1 1 0.30
1 1 1 0.30
1 1 1 0.30
1 2 2 0.30
1 1 1 0.30
1 1 1 0.30
1 1 1 0.30
1 1 1 0.30
1 1 1 0.30
1 1 1 0.30
1 1 1 0.30
1 1 1 0.30
1 1 1 0.30
1 1 1 0.30
1 2 2 0.30
1 1 1 0.30
1 1 1 0.30
1 1 1 0.30
1 1 1 0.30
1 1 1 0.30
1 1 1 0.30
1 1 1 0.30
1 1 1 0.30
1 1 1 0.30
1 1 1 0.30
1 1 1 0.30
1 21 5 0.30
1 3 3 0.30
1 1 1 0.30
1 1 1 0.30
1 1 1 0.30
1 1 1 0.30
1 1 1 0.30
1 1 1 0.30
1 1 1 0.30
1 1 1 0.30
1 21 8 0.30
1 1 1 0.30
1 1 1 0.30
1 1 1 0.30
1 1 1 0.30
1 1 1 0.30
1 1 1 0.30
1 1 1 0.30
1 1 1 0.30
1 1 1 0.30
1 1 1 0.30
1 1 1 0.30
1 1 1 0.30
1 1 1 0.30
1 3 3 0.30
1 1 1 0.30
1 1 1 0.30
1 2 2 0.30
1 1 1 0.30
1 1 1 0.30
1 8 5 0.30
1 1 1 0.30
1 1 1 0.30
1 1 1 0.30
1 1 1 0.30
1 1 1 0.30
1 1 1 0.30
1 1 1 0.30
1 1 1 0.30
1 1 1 0.30
1 1 1 0.30
1 1 1 0.30
1 1 1 0.30
1 1 1 0.30
1 1 1 0.30
1 1 1 0.30
1 2 2 0.30
1 1 1 0.30
1 1 1 0.30
1 2 2 0.40
1 1 1 0.40
1 1 1 0.40
1 1 1 0.40
1 1 1 0.40
1 1 1 0.40
1 1 1 0.40
1 6 4 0.40
1 1 1 0.40
1 1 1 0.40
1 1 1 0.40
1 1 1 0.40
1 1 1 0.40
1 1 1 0.40
1 1 1 0.40
1 1 1 0.40
1 1 1 0.40
1 6 4 0.40
1 1 1 0.40
1 1 1 0.40
1 1 1 0.40
1 1 1 0.40
1 1 1 0.40
1 1 1 0.40
1 1 1 0.40
1 1 1 0.40
1 1 1 0.40
1 1 1 0.40
1 1 1 0.40
1 1 1 0.40
1 1 1 0.40
1 1 1 0.40
1 1 1 0.40
1 1 1 0.40
1 1 1 0.40
1 1 1 0.40
1 7 3 0.40
1 4 2 0.40
1 1 1 0.40
1 1 1 0.40
1 1 1 0.40
1 1 1 0.40
1 1 1 0.40
1 1 1 0.40
1 1 1 0.40
1 1 1 0.40
1 1 1 0.40
1 1 1 0.40
1 1 1 0.40
1 1 1 0.40
1 1 1 0.40
1 1 1 0.40
1 1 1 0.40
1 1 1 0.40
1 1 1 0.40
1 1 1 0.40
1 1 1 0.40
1 1 1 0.40
1 1 1 0.40
1 1 1 0.40
1 1 1 0.40
1 1 1 0.40
1 1 1 0.40
1 1 1 0.40
1 1 1 0.40
1 1 1 0.40
1 1 1 0.40
1 1 1 0.40
1 1 1 0.40
1 1 1 0.40
1 1 1 0.40
1 1 1 0.40
1 1 1 0.40
1 1 1 0.40
1 1 1 0.40
1 1 1 0.40
1 1 1 0.40
1 24 10 0.40
1 1 1 0.40
1 1 1 0.40
1 1 1 0.40
1 1 1 0.40
1 1 1 0.40
1 1 1 0.40
1 1 1 0.40
1 1 1 0.40
1 1 1 0.40
1 1 1 0.40
1 1 1 0.40
1 1 1 0.40
1 1 1 0.40
1 1 1 0.40
1 1 1 0.40
1 1 1 0.40
1 1 1 0.40
1 1 1 0.40
1 1 1 0.40
1 1 1 0.40
1 1 1 0.40
1 1 1 0.40
1 1 1 0.50
1 1 1 0.50
1 1 1 0.50
1 1 1 0.50
1 1 1 0.50
1 1 1 0.50
1 1 1 0.50
1 1 1 0.50
1 1 1 0.50
1 1 1 0.50
1 1 1 0.50
1 1 1 0.50
1 1 1 0.50
1 1 1 0.50
1 1 1 0.50
1 1 1 0.50
1 2 2 0.50
1 1 1 0.50
1 1 1 0.50
1 1 1 0.50
1 1 1 0.50
1 1 1 0.50
1 1 1 0.50
1 1 1 0.50
1 1 1 0.50
1 1 1 0.50
1 1 1 0.50
1 1 1 0.50
1 1 1 0.50
1 1 1 0.50
1 1 1 0.50
1 1 1 0.50
1 1 1 0.50
1 1 1 0.50
1 1 1 0.50
1 1 1 0.50
1 1 1 0.50
1 1 1 0.50
1 1 1 0.50
1 1 1 0.50
1 1 1 0.50
1 1 1 0.50
1 1 1 0.50
1 1 1 0.50
1 1 1 0.50
1 1 1 0.50
1 1 1 0.50
1 1 1 0.50
1 1 1 0.50
1 1 1 0.50
1 1 1 0.50
1 1 1 0.50
1 1 1 0.50
1 8 4 0.50
1 1 1 0.50
1 1 1 0.50
1 1 1 0.50
1 2 2 0.50
1 1 1 0.50
1 1 1 0.50
1 5 3 0.50
1 1 1 0.50
1 1 1 0.50
1 1 1 0.50
1 1 1 0.50
1 7 4 0.50
1 1 1 0.50
1 1 1 0.50
1 1 1 0.50
1 1 1 0.50
1 1 1 0.50
1 1 1 0.50
1 1 1 0.50
1 1 1 0.50
1 1 1 0.50
1 1 1 0.50
1 1 1 0.50
1 10 4 0.50
1 1 1 0.50
1 1 1 0.50
1 1 1 0.50
1 1 1 0.50
1 1 1 0.50
1 1 1 0.50
1 1 1 0.50
1 1 1 0.50
1 1 1 0.50
1 3 2 0.50
1 1 1 0.50
1 1 1 0.50
1 1 1 0.50
1 1 1 0.50
1 1 1 0.50
1 1 1 0.50
1 1 1 0.50
1 1 1 0.50
1 1 1 0.50
1 1 1 0.50
1 1 1 0.50
1 1 1 0.50
1 1 1 0.60
1 1 1 0.60
1 5 4 0.60
1 6 4 0.60
1 1 1 0.60
1 1 1 0.60
1 1 1 0.60
1 10 6 0.60
1 1 1 0.60
1 1 1 0.60
1 1 1 0.60
1 1 1 0.60
1 1 1 0.60
1 1 1 0.60
1 1 1 0.60
1 11 6 0.60
1 1 1 0.60
1 1 1 0.60
1 11 8 0.60
1 1 1 0.60
1 1 1 0.60
1 1 1 0.60
1 1 1 0.60
1 1 1 0.60
1 11 7 0.60
1 1 1 0.60
1 1 1 0.60
1 3 2 0.60
1 1 1 0.60
1 1 1 0.60
1 1 1 0.60
1 1 1 0.60
1 1 1 0.60
1 1 1 0.60
1 1 1 0.60
1 1 1 0.60
1 1 1 0.60
1 1 1 0.60
1 1 1 0.60
1 1 1 0.60
1 11 5 0.60
1 1 1 0.60
1 10 4 0.60
1 1 1 0.60
1 1 1 0.60
1 11 7 0.60
1 1 1 0.60
1 1 1 0.60
1 3 2 0.60
1 1 1 0.60
1 1 1 0.60
1 1 1 0.60
1 5 5 0.60
1 1 1 0.60
1 1 1 0.60
1 1 1 0.60
1 1 1 0.60
1 1 1 0.60
1 1 1 0.60
1 10 6 0.60
1 1 1 0.60
1 1 1 0.60
1 1 1 0.60
1 1 1 0.60
1 1 1 0.60
1 1 1 0.60
1 1 1 0.60
1 1 1 0.60
1 1 1 0.60
1 1 1 0.60
1 1 1 0.60
1 1 1 0.60
1 1 1 0.60
1 1 1 0.60
1 1 1 0.60
1 1 1 0.60
1 1 1 0.60
1 1 1 0.60
1 1 1 0.60
1 1 1 0.60
1 1 1 0.60
1 1 1 0.60
1 1 1 0.60
1 1 1 0.60
1 1 1 0.60
1 1 1 0.60
1 1 1 0.60
1 1 1 0.60
1 1 1 0.60
1 1 1 0.60
1 4 4 0.60
1 1 1 0.60
1 1 1 0.60
1 1 1 0.60
1 1 1 0.60
1 1 1 0.60
1 1 1 0.60
1 1 1 0.60
1 1 1 0.60
1 10 6 0.60
1 1 1 0.70
1 1 1 0.70
1 1 1 0.70
1 1 1 0.70
1 1 1 0.70
1 1 1 0.70
1 1 1 0.70
1 1 1 0.70
1 1 1 0.70
1 1 1 0.70
1 1 1 0.70
1 1 1 0.70
1 1 1 0.70
1 1 1 0.70
1 1 1 0.70
1 1 1 0.70
1 4 4 0.70
1 1 1 0.70
1 1 1 0.70
1 1 1 0.70
1 1 1 0.70
1 20 10 0.70
1 1 1 0.70
1 1 1 0.70
1 1 1 0.70
1 1 1 0.70
1 1 1 0.70
1 1 1 0.70
1 1 1 0.70
1 1 1 0.70
1 5 3 0.70
1 1 1 0.70
1 1 1 0.70
1 1 1 0.70
1 1 1 0.70
1 1 1 0.70
1 1 1 0.70
1 1 1 0.70
1 1 1 0.70
1 1 1 0.70
1 1 1 0.70
1 1 1 0.70
1 1 1 0.70
1 1 1 0.70
1 1 1 0.70
1 1 1 0.70
1 1 1 0.70
1 6 3 0.70
1 17 8 0.70
1 1 1 0.70
1 1 1 0.70
1 1 1 0.70
1 1 1 0.70
1 1 1 0.70
1 1 1 0.70
1 1 1 0.70
1 1 1 0.70
1 1 1 0.70
1 1 1 0.70
1 1 1 0.70
1 1 1 0.70
1 6 5 0.70
1 1 1 0.70
1 1 1 0.70
1 1 1 0.70
1 1 1 0.70
1 1 1 0.70
1 1 1 0.70
1 17 9 0.70
1 1 1 0.70
1 1 1 0.70
1 19 9 0.70
1 4 3 0.70
1 1 1 0.70
1 1 1 0.70
1 1 1 0.70
1 1 1 0.70
1 1 1 0.70
1 1 1 0.70
1 1 1 0.70
1 2 2 0.70
1 1 1 0.70
1 1 1 0.70
1 1 1 0.70
1 1 1 0.70
1 1 1 0.70
1 1 1 0.70
1 1 1 0.70
1 1 1 0.70
1 1 1 0.70
1 17 8 0.70
1 1 1 0.70
1 1 1 0.70
1 17 9 0.70
1 1 1 0.70
1 1 1 0.70
1 1 1 0.70
1 1 1 0.70
1 1 1 0.70
1 1 1 0.70
1 3 3 0.80
1 1 1 0.80
1 1 1 0.80
1 1 1 0.80
1 1 1 0.80
1 3 2 0.80
1 7 4 0.80
1 6 4 0.80
1 1 1 0.80
1 5 4 0.80
1 1 1 0.80
1 1 1 0.80
1 1 1 0.80
1 1 1 0.80
1 1 1 0.80
1 1 1 0.80
1 22 10 0.80
1 1 1 0.80
1 6 3 0.80
1 1 1 0.80
1 1 1 0.80
1 1 1 0.80
1 1 1 0.80
1 1 1 0.80
1 1 1 0.80
1 1 1 0.80
1 1 1 0.80
1 1 1 0.80
1 6 3 0.80
1 1 1 0.80
1 1 1 0.80
1 16 9 0.80
1 1 1 0.80
1 1 1 0.80
1 1 1 0.80
1 1 1 0.80
1 1 1 0.80
1 1 1 0.80
1 18 6 0.80
1 1 1 0.80
1 1 1 0.80
1 46 11 0.80
1 1 1 0.80
1 1 1 0.80
1 1 1 0.80
1 21 10 0.80
1 1 1 0.80
1 1 1 0.80
1 1 1 0.80
1 1 1 0.80
1 1 1 0.80
1 1 1 0.80
1 1 1 0.80
1 1 1 0.80
1 1 1 0.80
1 1 1 0.80
1 1 1 0.80
1 1 1 0.80
1 1 1 0.80
1 1 1 0.80
1 1 1 0.80
1 1 1 0.80
1 1 1 0.80
1 1 1 0.80
1 1 1 0.80
1 1 1 0.80
1 1 1 0.80
1 1 1 0.80
1 26 10 0.80
1 1 1 0.80
1 1 1 0.80
1 1 1 0.80
1 1 1 0.80
1 1 1 0.80
1 1 1 0.80
1 1 1 0.80
1 34 10 0.80
1 47 11 0.80
1 1 1 0.80
1 1 1 0.80
1 3 2 0.80
1 1 1 0.80
1 18 6 0.80
1 14 7 0.80
1 1 1 0.80
1 1 1 0.80
1 1 1 0.80
1 1 1 0.80
1 1 1 0.80
1 1 1 0.80
1 1 1 0.80
1 1 1 0.80
1 1 1 0.80
1 1 1 0.80
1 1 1 0.80
1 3 3 0.80
1 1 1 0.80
1 2 2 0.80
1 1 1 0.80
1 1 1 0.80
1 1 1 0.90
1 1 1 0.90
1 1 1 0.90
1 1 1 0.90
1 1 1 0.90
1 6 4 0.90
1 1 1 0.90
1 1 1 0.90
1 1 1 0.90
1 1 1 0.90
1 1 1 0.90
1 1 1 0.90
1 1 1 0.90
1 1 1 0.90
1 1 1 0.90
1 1 1 0.90
1 1 1 0.90
1 1 1 0.90
1 1 1 0.90
1 1 1 0.90
1 1 1 0.90
1 1 1 0.90
1 5 4 0.90
1 1 1 0.90
1 5 4 0.90
1 1 1 0.90
1 1 1 0.90
1 1 1 0.90
1 1 1 0.90
1 1 1 0.90
1 1 1 0.90
1 7 7 0.90
1 1 1 0.90
1 1 1 0.90
1 1 1 0.90
1 1 1 0.90
1 1 1 0.90
1 1 1 0.90
1 1 1 0.90
1 1 1 0.90
1 1 1 0.90
1 1 1 0.90
1 1 1 0.90
1 1 1 0.90
1 1 1 0.90
1 1 1 0.90
1 1 1 0.90
1 1 1 0.90
1 11 5 0.90
1 1 1 0.90
1 1 1 0.90
1 1 1 0.90
1 1 1 0.90
1 1 1 0.90
1 1 1 0.90
1 1 1 0.90
1 1 1 0.90
1 1 1 0.90
1 1 1 0.90
1 1 1 0.90
1 1 1 0.90
1 1 1 0.90
1 1 1 0.90
1 1 1 0.90
1 7 5 0.90
1 1 1 0.90
1 1 1 0.90
1 1 1 0.90
1 1 1 0.90
1 1 1 0.90
1 1 1 0.90
1 6 4 0.90
1 2 2 0.90
1 1 1 0.90
1 1 1 0.90
1 1 1 0.90
1 1 1 0.90
1 1 1 0.90
1 1 1 0.90
1 1 1 0.90
1 1 1 0.90
1 1 1 0.90
1 1 1 0.90
1 1 1 0.90
1 5 5 0.90
1 1 1 0.90
1 1 1 0.90
1 1 1 0.90
1 6 5 0.90
1 1 1 0.90
1 1 1 0.90
1 1 1 0.90
1 1 1 0.90
1 1 1 0.90
1 1 1 0.90
1 1 1 0.90
1 1 1 0.90
1 1 1 0.90
1 1 1 0.90
1 1 1 0.90
1 1 1 1.00
1 1 1 1.00
1 1 1 1.00
1 1 1 1.00
1 1 1 1.00
1 1 1 1.00
1 1 1 1.00
1 1 1 1.00
1 1 1 1.00
1 1 1 1.00
1 1 1 1.00
1 1 1 1.00
1 1 1 1.00
1 1 1 1.00
1 1 1 1.00
1 1 1 1.00
1 1 1 1.00
1 5 4 1.00
1 1 1 1.00
1 1 1 1.00
1 1 1 1.00
1 5 5 1.00
1 1 1 1.00
1 8 5 1.00
1 1 1 1.00
1 1 1 1.00
1 1 1 1.00
1 1 1 1.00
1 1 1 1.00
1 1 1 1.00
1 1 1 1.00
1 1 1 1.00
1 1 1 1.00
1 1 1 1.00
1 1 1 1.00
1 1 1 1.00
1 1 1 1.00
1 1 1 1.00
1 1 1 1.00
1 1 1 1.00
1 1 1 1.00
1 1 1 1.00
1 1 1 1.00
1 1 1 1.00
1 1 1 1.00
1 1 1 1.00
1 1 1 1.00
1 1 1 1.00
1 1 1 1.00
1 1 1 1.00
1 1 1 1.00
1 1 1 1.00
1 1 1 1.00
1 1 1 1.00
1 1 1 1.00
1 1 1 1.00
1 1 1 1.00
1 1 1 1.00
1 1 1 1.00
1 1 1 1.00
1 1 1 1.00
1 1 1 1.00
1 1 1 1.00
1 1 1 1.00
1 1 1 1.00
1 1 1 1.00
1 1 1 1.00
1 1 1 1.00
1 1 1 1.00
1 1 1 1.00
1 1 1 1.00
1 1 1 1.00
1 1 1 1.00
1 1 1 1.00
1 1 1 1.00
1 1 1 1.00
1 1 1 1.00
1 1 1 1.00
1 1 1 1.00
1 1 1 1.00
1 1 1 1.00
1 1 1 1.00
1 1 1 1.00
1 5 4 1.00
1 1 1 1.00
1 1 1 1.00
1 1 1 1.00
1 1 1 1.00
1 1 1 1.00
1 1 1 1.00
1 1 1 1.00
1 1 1 1.00
1 1 1 1.00
1 1 1 1.00
1 1 1 1.00
1 1 1 1.00
1 1 1 1.00
1 1 1 1.00
1 1 1 1.00
1 1 1 1.00
1 1 1 0.00
1 1 1 0.00
1 1 1 0.00
1 1 1 0.00
1 1 1 0.00
1 1 1 0.00
1 1 1 0.00
1 1 1 0.00
1 1 1 0.00
1 5 5 0.00
1 1 1 0.00
1 1 1 0.00
1 1 1 0.00
1 2 2 0.00
1 1 1 0.00
1 1 1 0.00
1 1 1 0.00
1 1 1 0.00
1 5 5 0.00
1 1 1 0.00
1 1 1 0.00
1 1 1 0.00
1 1 1 0.00
1 1 1 0.00
1 1 1 0.00
1 1 1 0.00
1 1 1 0.00
1 3 3 0.00
1 1 1 0.00
1 1 1 0.00
1 1 1 0.00
1 1 1 0.00
1 1 1 0.00
1 1 1 0.00
1 1 1 0.00
1 1 1 0.00
1 1 1 0.00
1 1 1 0.00
1 1 1 0.00
1 1 1 0.00
1 1 1 0.00
1 1 1 0.00
1 1 1 0.00
1 1 1 0.00
1 1 1 0.00
1 1 1 0.00
1 1 1 0.00
1 1 1 0.00
1 1 1 0.00
1 1 1 0.00
1 1 1 0.00
1 1 1 0.00
1 1 1 0.00
1 1 1 0.00
1 1 1 0.00
1 1 1 0.00
1 1 1 0.00
1 3 2 0.00
1 1 1 0.00
1 1 1 0.00
1 1 1 0.00
1 1 1 0.00
1 1 1 0.00
1 1 1 0.00
1 1 1 0.00
1 1 1 0.00
1 29 8 0.00
1 1 1 0.00
1 5 4 0.00
1 5 3 0.00
1 1 1 0.00
1 1 1 0.00
1 1 1 0.00
1 1 1 0.00
1 1 1 0.00
1 1 1 0.00
1 1 1 0.00
1 1 1 0.00
1 1 1 0.00
1 1 1 0.00
1 1 1 0.00
1 1 1 0.00
1 1 1 0.00
1 1 1 0.00
1 1 1 0.00
1 1 1 0.00
1 29 7 0.00
1 1 1 0.00
1 1 1 0.00
1 1 1 0.00
1 1 1 0.00
1 1 1 0.00
1 1 1 0.00
1 1 1 0.00
1 1 1 0.00
1 1 1 0.00
1 1 1 0.00
1 1 1 0.00
1 1 1 0.00
1 1 1 0.00
1 1 1 0.10
1 1 1 0.10
1 1 1 0.10
1 1 1 0.10
1 3 3 0.10
1 1 1 0.10
1 1 1 0.10
1 1 1 0.10
1 1 1 0.10
1 1 1 0.10
1 1 1 0.10
1 1 1 0.10
1 1 1 0.10
1 1 1 0.10
1 1 1 0.10
1 1 1 0.10
1 1 1 0.10
1 1 1 0.10
1 1 1 0.10
1 1 1 0.10
1 1 1 0.10
1 1 1 0.10
1 1 1 0.10
1 1 1 0.10
1 1 1 0.10
1 1 1 0.10
1 7 4 0.10
1 12 6 0.10
1 1 1 0.10
1 1 1 0.10
1 1 1 0.10
1 1 1 0.10
1 1 1 0.10
1 1 1 0.10
1 2 2 0.10
1 1 1 0.10
1 1 1 0.10
1 1 1 0.10
1 1 1 0.10
1 1 1 0.10
1 1 1 0.10
1 5 4 0.10
1 1 1 0.10
1 1 1 0.10
1 2 2 0.10
1 1 1 0.10
1 1 1 0.10
1 1 1 0.10
1 1 1 0.10
1 1 1 0.10
1 1 1 0.10
1 1 1 0.10
1 1 1 0.10
1 1 1 0.10
1 1 1 0.10
1 1 1 0.10
1 1 1 0.10
1 1 1 0.10
1 1 1 0.10
1 1 1 0.10
1 1 1 0.10
1 16 9 0.10
1 1 1 0.10
1 1 1 0.10
1 1 1 0.10
1 8 3 0.10
1 1 1 0.10
1 17 9 0.10
1 1 1 0.10
1 1 1 0.10
1 1 1 0.10
1 14 7 0.10
1 1 1 0.10
1 1 1 0.10
1 1 1 0.10
1 1 1 0.10
1 1 1 0.10
1 1 1 0.10
1 1 1 0.10
1 1 1 0.10
1 1 1 0.10
1 1 1 0.10
1 1 1 0.10
1 1 1 0.10
1 8 5 0.10
1 14 6 0.10
1 1 1 0.10
1 1 1 0.10
1 1 1 0.10
1 1 1 0.10
1 1 1 0.10
1 1 1 0.10
1 14 7 0.10
1 1 1 0.10
1 1 1 0.10
1 1 1 0.10
1 4 3 0.10
1 1 1 0.10
1 1 1 0.10
1 1 1 0.10
1 1 1 0.20
1 2 2 0.20
1 1 1 0.20
1 1 1 0.20
1 1 1 0.20
1 1 1 0.20
1 1 1 0.20
1 5 3 0.20
1 1 1 0.20
1 13 11 0.20
1 9 5 0.20
1 10 9 0.20
1 1 1 0.20
1 1 1 0.20
1 1 1 0.20
1 1 1 0.20
1 1 1 0.20
1 13 11 0.20
1 1 1 0.20
1 1 1 0.20
1 1 1 0.20
1 1 1 0.20
1 1 1 0.20
1 1 1 0.20
1 3 2 0.20
1 1 1 0.20
1 1 1 0.20
1 1 1 0.20
1 1 1 0.20
1 1 1 0.20
1 1 1 0.20
1 1 1 0.20
1 1 1 0.20
1 1 1 0.20
1 1 1 0.20
1 1 1 0.20
1 1 1 0.20
1 1 1 0.20
1 21 6 0.20
1 1 1 0.20
1 1 1 0.20
1 1 1 0.20
1 1 1 0.20
1 13 8 0.20
1 1 1 0.20
1 9 5 0.20
1 1 1 0.20
1 1 1 0.20
1 1 1 0.20
1 27 11 0.20
1 1 1 0.20
1 1 1 0.20
1 1 1 0.20
1 1 1 0.20
1 5 4 0.20
1 1 1 0.20
1 71 22 0.20
1 1 1 0.20
1 1 1 0.20
1 4 2 0.20
1 1 1 0.20
1 1 1 0.20
1 1 1 0.20
1 1 1 0.20
1 1 1 0.20
1 1 1 0.20
1 1 1 0.20
1 1 1 0.20
1 1 1 0.20
1 1 1 0.20
1 1 1 0.20
1 1 1 0.20
1 1 1 0.20
1 1 1 0.20
1 1 1 0.20
1 1 1 0.20
1 1 1 0.20
1 2 2 0.20
1 1 1 0.20
1 1 1 0.20
1 1 1 0.20
1 1 1 0.20
1 1 1 0.20
1 1 1 0.20
1 1 1 0.20
1 8 4 0.20
1 1 1 0.20
1 1 1 0.20
1 1 1 0.20
1 1 1 0.20
1 1 1 0.20
1 1 1 0.20
1 1 1 0.20
1 1 1 0.20
1 1 1 0.20
1 1 1 0.20
1 1 1 0.20
1 1 1 0.20
1 10 5 0.20
1 1 1 0.20
1 1 1 0.30
1 1 1 0.30
1 8 4 0.30
1 6 3 0.30
1 1 1 0.30
1 1 1 0.30
1 1 1 0.30
1 1 1 0.30
1 1 1 0.30
1 1 1 0.30
1 1 1 0.30
1 1 1 0.30
1 1 1 0.30
1 1 1 0.30
1 1 1 0.30
1 1 1 0.30
1 1 1 0.30
1 1 1 0.30
1 1 1 0.30
1 1 1 0.30
1 1 1 0.30
1 1 1 0.30
1 1 1 0.30
1 1 1 0.30
1 1 1 0.30
1 1 1 0.30
1 1 1 0.30
1 1 1 0.30
1 1 1 0.30
1 1 1 0.30
1 1 1 0.30
1 1 1 0.30
1 1 1 0.30
1 1 1 0.30
1 1 1 0.30
1 1 1 0.30
1 1 1 0.30
1 3 2 0.30
1 1 1 0.30
1 1 1 0.30
1 1 1 0.30
1 1 1 0.30
1 9 5 0.30
1 1 1 0.30
1 1 1 0.30
1 1 1 0.30
1 1 1 0.30
1 1 1 0.30
1 1 1 0.30
1 1 1 0.30
1 1 1 0.30
1 1 1 0.30
1 1 1 0.30
1 1 1 0.30
1 1 1 0.30
1 1 1 0.30
1 1 1 0.30
1 1 1 0.30
1 1 1 0.30
1 5 4 0.30
1 1 1 0.30
1 2 2 0.30
1 1 1 0.30
1 1 1 0.30
1 1 1 0.30
1 12 9 0.30
1 4 4 0.30
1 10 6 0.30
1 1 1 0.30
1 1 1 0.30
1 1 1 0.30
1 1 1 0.30
1 1 1 0.30
1 1 1 0.30
1 1 1 0.30
1 1 1 0.30
1 1 1 0.30
1 1 1 0.30
1 8 5 0.30
1 1 1 0.30
1 1 1 0.30
1 3 3 0.30
1 1 1 0.30
1 1 1 0.30
1 2 2 0.30
1 1 1 0.30
1 1 1 0.30
1 1 1 0.30
1 1 1 0.30
1 2 2 0.30
1 1 1 0.30
1 1 1 0.30
1 1 1 0.30
1 1 1 0.30
1 1 1 0.30
1 1 1 0.30
1 1 1 0.30
1 1 1 0.30
1 15 6 0.30
1 1 1 0.30
1 1 1 0.40
1 1 1 0.40
1 1 1 0.40
1 1 1 0.40
1 1 1 0.40
1 1 1 0.40
1 1 1 0.40
1 1 1 0.40
1 1 1 0.40
1 1 1 0.40
1 1 1 0.40
1 1 1 0.40
1 1 1 0.40
1 1 1 0.40
1 1 1 0.40
1 1 1 0.40
1 1 1 0.40
1 1 1 0.40
1 1 1 0.40
1 2 2 0.40
1 1 1 0.40
1 1 1 0.40
1 1 1 0.40
1 1 1 0.40
1 9 4 0.40
1 1 1 0.40
1 1 1 0.40
1 1 1 0.40
1 1 1 0.40
1 1 1 0.40
1 1 1 0.40
1 1 1 0.40
1 1 1 0.40
1 1 1 0.40
1 1 1 0.40
1 1 1 0.40
1 1 1 0.40
1 1 1 0.40
1 1 1 0.40
1 1 1 0.40
1 1 1 0.40
1 1 1 0.40
1 1 1 0.40
1 1 1 0.40
1 1 1 0.40
1 1 1 0.40
1 1 1 0.40
1 1 1 0.40
1 1 1 0.40
1 4 3 0.40
1 1 1 0.40
1 1 1 0.40
1 9 4 0.40
1 1 1 0.40
1 1 1 0.40
1 1 1 0.40
1 1 1 0.40
1 1 1 0.40
1 1 1 0.40
1 1 1 0.40
1 1 1 0.40
1 1 1 0.40
1 1 1 0.40
1 1 1 0.40
1 1 1 0.40
1 1 1 0.40
1 1 1 0.40
1 7 4 0.40
1 1 1 0.40
1 1 1 0.40
1 1 1 0.40
1 1 1 0.40
1 1 1 0.40
1 1 1 0.40
1 1 1 0.40
1 1 1 0.40
1 1 1 0.40
1 1 1 0.40
1 1 1 0.40
1 1 1 0.40
1 5 3 0.40
1 13 6 0.40
1 4 4 0.40
1 3 3 0.40
1 1 1 0.40
1 1 1 0.40
1 1 1 0.40
1 1 1 0.40
1 1 1 0.40
1 1 1 0.40
1 1 1 0.40
1 1 1 0.40
1 1 1 0.40
1 1 1 0.40
1 1 1 0.40
1 10 5 0.40
1 1 1 0.40
1 20 5 0.40
1 1 1 0.40
1 1 1 0.40
1 1 1 0.50
1 1 1 0.50
1 1 1 0.50
1 1 1 0.50
1 1 1 0.50
1 1 1 0.50
1 1 1 0.50
1 1 1 0.50
1 1 1 0.50
1 1 1 0.50
1 1 1 0.50
1 1 1 0.50
1 1 1 0.50
1 1 1 0.50
1 1 1 0.50
1 1 1 0.50
1 1 1 0.50
1 1 1 0.50
1 1 1 0.50
1 1 1 0.50
1 1 1 0.50
1 1 1 0.50
1 1 1 0.50
1 1 1 0.50
1 1 1 0.50
1 1 1 0.50
1 1 1 0.50
1 1 1 0.50
1 1 1 0.50
1 1 1 0.50
1 1 1 0.50
1 1 1 0.50
1 1 1 0.50
1 1 1 0.50
1 1 1 0.50
1 1 1 0.50
1 1 1 0.50
1 1 1 0.50
1 1 1 0.50
1 1 1 0.50
1 1 1 0.50
1 1 1 0.50
1 1 1 0.50
1 1 1 0.50
1 1 1 0.50
1 1 1 0.50
1 1 1 0.50
1 1 1 0.50
1 1 1 0.50
1 1 1 0.50
1 1 1 0.50
1 1 1 0.50
1 1 1 0.50
1 1 1 0.50
1 1 1 0.50
1 1 1 0.50
1 1 1 0.50
1 1 1 0.50
1 1 1 0.50
1 1 1 0.50
1 1 1 0.50
1 4 3 0.50
1 1 1 0.50
1 1 1 0.50
1 1 1 0.50
1 1 1 0.50
1 3 2 0.50
1 1 1 0.50
1 1 1 0.50
1 1 1 0.50
1 1 1 0.50
1 1 1 0.50
1 1 1 0.50
1 5 2 0.50
1 1 1 0.50
1 1 1 0.50
1 1 1 0.50
1 1 1 0.50
1 1 1 0.50
1 1 1 0.50
1 10 5 0.50
1 1 1 0.50
1 1 1 0.50
1 2 2 0.50
1 1 1 0.50
1 1 1 0.50
1 1 1 0.50
1 1 1 0.50
1 1 1 0.50
1 1 1 0.50
1 4 3 0.50
1 1 1 0.50
1 5 4 0.50
1 6 3 0.50
1 1 1 0.50
1 1 1 0.50
1 1 1 0.50
1 1 1 0.50
1 1 1 0.50
1 1 1 0.50
1 1 1 0.60
1 1 1 0.60
1 1 1 0.60
1 1 1 0.60
1 1 1 0.60
1 1 1 0.60
1 1 1 0.60
1 1 1 0.60
1 1 1 0.60
1 1 1 0.60
1 1 1 0.60
1 1 1 0.60
1 1 1 0.60
1 9 4 0.60
1 1 1 0.60
1 1 1 0.60
1 2 2 0.60
1 1 1 0.60
1 1 1 0.60
1 1 1 0.60
1 1 1 0.60
1 23 8 0.60
1 1 1 0.60
1 1 1 0.60
1 1 1 0.60
1 1 1 0.60
1 1 1 0.60
1 1 1 0.60
1 16 6 0.60
1 1 1 0.60
1 14 8 0.60
1 1 1 0.60
1 1 1 0.60
1 1 1 0.60
1 1 1 0.60
1 1 1 0.60
1 1 1 0.60
1 1 1 0.60
1 1 1 0.60
1 1 1 0.60
1 1 1 0.60
1 1 1 0.60
1 1 1 0.60
1 1 1 0.60
1 22 9 0.60
1 1 1 0.60
1 1 1 0.60
1 1 1 0.60
1 1 1 0.60
1 1 1 0.60
1 3 3 0.60
1 1 1 0.60
1 9 5 0.60
1 16 6 0.60
1 16 7 0.60
1 1 1 0.60
1 1 1 0.60
1 1 1 0.60
1 1 1 0.60
1 1 1 0.60
1 2 2 0.60
1 1 1 0.60
1 3 3 0.60
1 1 1 0.60
1 1 1 0.60
1 1 1 0.60
1 1 1 0.60
1 1 1 0.60
1 1 1 0.60
1 1 1 0.60
1 1 1 0.60
1 5 3 0.60
1 1 1 0.60
1 1 1 0.60
1 1 1 0.60
1 1 1 0.60
1 1 1 0.60
1 1 1 0.60
1 1 1 0.60
1 1 1 0.60
1 1 1 0.60
1 1 1 0.60
1 1 1 0.60
1 1 1 0.60
1 1 1 0.60
1 1 1 0.60
1 1 1 0.60
1 1 1 0.60
1 3 3 0.60
1 2 2 0.60
1 2 2 0.60
1 2 2 0.60
1 1 1 0.60
1 1 1 0.60
1 1 1 0.60
1 1 1 0.60
1 1 1 0.60
1 1 1 0.60
1 1 1 0.60
1 1 1 0.60
1 4 2 0.70
1 1 1 0.70
1 1 1 0.70
1 1 1 0.70
1 1 1 0.70
1 1 1 0.70
1 19 7 0.70
1 17 4 0.70
1 43 10 0.70
1 1 1 0.70
1 1 1 0.70
1 1 1 0.70
1 1 1 0.70
1 1 1 0.70
1 1 1 0.70
1 1 1 0.70
1 8 5 0.70
1 16 6 0.70
1 1 1 0.70
1 1 1 0.70
1 1 1 0.70
1 1 1 0.70
1 1 1 0.70
1 1 1 0.70
1 1 1 0.70
1 1 1 0.70
1 1 1 0.70
1 1 1 0.70
1 1 1 0.70
1 1 1 0.70
1 1 1 0.70
1 1 1 0.70
1 1 1 0.70
1 1 1 0.70
1 1 1 0.70
1 1 1 0.70
1 1 1 0.70
1 1 1 0.70
1 1 1 0.70
1 1 1 0.70
1 1 1 0.70
1 12 6 0.70
1 1 1 0.70
1 1 1 0.70
1 28 8 0.70
1 1 1 0.70
1 1 1 0.70
1 1 1 0.70
1 1 1 0.70
1 1 1 0.70
1 1 1 0.70
1 1 1 0.70
1 1 1 0.70
1 1 1 0.70
1 11 5 0.70
1 1 1 0.70
1 42 7 0.70
1 1 1 0.70
1 1 1 0.70
1 43 11 0.70
1 1 1 0.70
1 1 1 0.70
1 1 1 0.70
1 1 1 0.70
1 1 1 0.70
1 1 1 0.70
1 2 2 0.70
1 1 1 0.70
1 1 1 0.70
1 1 1 0.70
1 1 1 0.70
1 1 1 0.70
1 1 1 0.70
1 1 1 0.70
1 1 1 0.70
1 1 1 0.70
1 1 1 0.70
1 1 1 0.70
1 1 1 0.70
1 5 3 0.70
1 1 1 0.70
1 42 9 0.70
1 1 1 0.70
1 1 1 0.70
1 1 1 0.70
1 5 4 0.70
1 1 1 0.70
1 1 1 0.70
1 1 1 0.70
1 3 3 0.70
1 3 3 0.70
1 1 1 0.70
1 1 1 0.70
1 1 1 0.70
1 1 1 0.70
1 1 1 0.70
1 1 1 0.70
1 1 1 0.70
1 1 1 0.70
1 1 1 0.70
1 1 1 0.80
1 1 1 0.80
1 1 1 0.80
1 1 1 0.80
1 2 2 0.80
1 1 1 0.80
1 1 1 0.80
1 1 1 0.80
1 1 1 0.80
1 1 1 0.80
1 1 1 0.80
1 1 1 0.80
1 1 1 0.80
1 1 1 0.80
1 1 1 0.80
1 1 1 0.80
1 1 1 0.80
1 1 1 0.80
1 1 1 0.80
1 1 1 0.80
1 1 1 0.80
1 1 1 0.80
1 1 1 0.80
1 1 1 0.80
1 1 1 0.80
1 1 1 0.80
1 1 1 0.80
1 1 1 0.80
1 1 1 0.80
1 1 1 0.80
1 1 1 0.80
1 1 1 0.80
1 1 1 0.80
1 3 2 0.80
1 1 1 0.80
1 1 1 0.80
1 19 7 0.80
1 1 1 0.80
1 1 1 0.80
1 1 1 0.80
1 1 1 0.80
1 1 1 0.80
1 1 1 0.80
1 1 1 0.80
1 1 1 0.80
1 1 1 0.80
1 1 1 0.80
1 1 1 0.80
1 1 1 0.80
1 23 8 0.80
1 1 1 0.80
1 1 1 0.80
1 1 1 0.80
1 1 1 0.80
1 1 1 0.80
1 1 1 0.80
1 1 1 0.80
1 1 1 0.80
1 1 1 0.80
1 1 1 0.80
1 1 1 0.80
1 1 1 0.80
1 1 1 0.80
1 1 1 0.80
1 1 1 0.80
1 1 1 0.80
1 1 1 0.80
1 1 1 0.80
1 1 1 0.80
1 1 1 0.80
1 1 1 0.80
1 1 1 0.80
1 1 1 0.80
1 1 1 0.80
1 1 1 0.80
1 1 1 0.80
1 1 1 0.80
1 1 1 0.80
1 10 5 0.80
1 7 5 0.80
1 1 1 0.80
1 1 1 0.80
1 1 1 0.80
1 19 9 0.80
1 1 1 0.80
1 1 1 0.80
1 2 2 0.80
1 19 9 0.80
1 1 1 0.80
1 1 1 0.80
1 1 1 0.80
1 1 1 0.80
1 1 1 0.80
1 1 1 0.80
1 1 1 0.80
1 1 1 0.80
1 1 1 0.80
1 18 8 0.80
1 1 1 0.80
1 1 1 0.80
1 1 1 0.90
1 1 1 0.90
1 1 1 0.90
1 1 1 0.90
1 1 1 0.90
1 1 1 0.90
1 1 1 0.90
1 1 1 0.90
1 21 11 0.90
1 1 1 0.90
1 1 1 0.90
1 1 1 0.90
1 1 1 0.90
1 1 1 0.90
1 4 3 0.90
1 1 1 0.90
1 1 1 0.90
1 1 1 0.90
1 1 1 0.90
1 1 1 0.90
1 1 1 0.90
1 1 1 0.90
1 1 1 0.90
1 1 1 0.90
1 1 1 0.90
1 1 1 0.90
1 1 1 0.90
1 19 6 0.90
1 1 1 0.90
1 1 1 0.90
1 1 1 0.90
1 1 1 0.90
1 1 1 0.90
1 1 1 0.90
1 1 1 0.90
1 1 1 0.90
1 1 1 0.90
1 2 2 0.90
1 1 1 0.90
1 1 1 0.90
1 1 1 0.90
1 1 1 0.90
1 1 1 0.90
1 1 1 0.90
1 1 1 0.90
1 1 1 0.90
1 1 1 0.90
1 1 1 0.90
1 7 7 0.90
1 1 1 0.90
1 1 1 0.90
1 1 1 0.90
1 1 1 0.90
1 1 1 0.90
1 1 1 0.90
1 1 1 0.90
1 1 1 0.90
1 1 1 0.90
1 3 3 0.90
1 1 1 0.90
1 1 1 0.90
1 1 1 0.90
1 1 1 0.90
1 1 1 0.90
1 1 1 0.90
1 1 1 0.90
1 1 1 0.90
1 1 1 0.90
1 1 1 0.90
1 1 1 0.90
1 1 1 0.90
1 1 1 0.90
1 1 1 0.90
1 9 6 0.90
1 1 1 0.90
1 1 1 0.90
1 1 1 0.90
1 1 1 0.90
1 1 1 0.90
1 1 1 0.90
1 1 1 0.90
1 1 1 0.90
1 1 1 0.90
1 1 1 0.90
1 1 1 0.90
1 1 1 0.90
1 1 1 0.90
1 1 1 0.90
1 1 1 0.90
1 1 1 0.90
1 1 1 0.90
1 1 1 0.90
1 1 1 0.90
1 1 1 0.90
1 1 1 0.90
1 1 1 0.90
1 1 1 0.90
1 1 1 0.90
1 6 4 0.90
1 15 5 0.90
1 1 1 1.00
1 1 1 1.00
1 1 1 1.00
1 1 1 1.00
1 1 1 1.00
1 1 1 1.00
1 1 1 1.00
1 1 1 1.00
1 1 1 1.00
1 1 1 1.00
1 1 1 1.00
1 1 1 1.00
1 1 1 1.00
1 1 1 1.00
1 1 1 1.00
1 1 1 1.00
1 1 1 1.00
1 1 1 1.00
1 1 1 1.00
1 1 1 1.00
1 1 1 1.00
1 1 1 1.00
1 1 1 1.00
1 1 1 1.00
1 1 1 1.00
1 1 1 1.00
1 1 1 1.00
1 1 1 1.00
1 1 1 1.00
1 1 1 1.00
1 1 1 1.00
1 1 1 1.00
1 1 1 1.00
1 1 1 1.00
1 1 1 1.00
1 1 1 1.00
1 1 1 1.00
1 1 1 1.00
1 6 4 1.00
1 1 1 1.00
1 1 1 1.00
1 1 1 1.00
1 1 1 1.00
1 1 1 1.00
1 1 1 1.00
1 1 1 1.00
1 1 1 1.00
1 1 1 1.00
1 2 2 1.00
1 15 8 1.00
1 1 1 1.00
1 1 1 1.00
1 1 1 1.00
1 1 1 1.00
1 1 1 1.00
1 1 1 1.00
1 1 1 1.00
1 1 1 1.00
1 1 1 1.00
1 1 1 1.00
1 1 1 1.00
1 1 1 1.00
1 3 2 1.00
1 1 1 1.00
1 1 1 1.00
1 1 1 1.00
1 1 1 1.00
1 1 1 1.00
1 1 1 1.00
1 1 1 1.00
1 1 1 1.00
1 1 1 1.00
1 1 1 1.00
1 1 1 1.00
1 16 7 1.00
1 1 1 1.00
1 1 1 1.00
1 1 1 1.00
1 1 1 1.00
1 1 1 1.00
1 1 1 1.00
1 1 1 1.00
1 1 1 1.00
1 1 1 1.00
1 1 1 1.00
1 1 1 1.00
1 1 1 1.00
1 1 1 1.00
1 1 1 1.00
1 1 1 1.00
1 1 1 1.00
1 1 1 1.00
1 1 1 1.00
1 1 1 1.00
1 1 1 1.00
1 1 1 1.00
1 1 1 1.00
1 1 1 1.00
1 1 1 1.00
1 1 1 1.00
1 