12 17 2 9
2 2 1 9
41 50 2 10
2 2 1 3
3 4 2 9
2 3 2 9
22 28 2 9
18 22 2 9
17 21 2 9
2 2 1 9
52 70 2 11
7 8 2 9
4 6 2 10
6 7 2 9
23 30 2 11
35 49 3 9
13 16 2 9
29 40 2 9
2 2 1 9
15 19 2 11
31 39 2 9
4 4 1 9
29 38 2 13
40 50 3 9
35 43 2 11
34 44 3 9
41 51 3 10
4 4 1 9
2 2 1 9
9 12 2 9
3 3 1 9
3 3 1 9
18 21 2 9
5 7 3 9
29 38 2 9
39 47 2 12
20 30 3 11
6 9 2 9
2 2 1 9
14 17 2 10
9 14 2 10
7 10 2 9
30 37 2 9
38 44 2 10
20 22 2 9
10 14 2 9
23 31 3 9
2 3 2 9
5 5 1 9
30 35 2 9
23 32 2 9
7 9 2 9
14 18 2 9
20 24 2 9
16 22 2 9
32 43 2 9
6 8 2 10
38 51 2 12
31 42 2 9
8 11 2 10
66 86 2 11
17 25 3 9
10 15 2 9
3 4 2 9
9 13 2 9
8 11 2 9
22 28 2 12
8 11 2 9
4 5 2 10
5 6 2 9
5 6 2 9
9 13 2 9
19 27 2 9
19 26 3 9
2 3 2 10
21 31 3 14
6 8 2 9
14 17 2 9
9 11 2 9
7 7 1 9
6 9 3 9
16 21 2 10
6 6 1 9
5 6 2 10
5 8 2 9
69 87 2 11
15 19 3 9
2 3 2 9
12 14 2 9
16 23 2 12
20 26 2 10
12 15 2 9
9 13 2 9
10 11 2 9
31 40 2 9
43 58 2 9
30 41 2 10
3 3 1 9
53 74 2 10
33 39 2 9
4 5 2 9
9 12 2 9
6 7 2 9
12 14 2 9
12 14 2 9
24 31 2 9
8 10 2 9
9 12 2 9
1 2 2 5
14 20 2 9
5 6 2 9
8 11 2 9
16 20 2 9
3 3 1 9
6 7 2 9
33 43 2 10
4 5 2 9
37 47 2 9
2 2 1 9
4 6 2 9
2 2 1 9
13 18 2 9
41 58 4 9
52 73 3 9
4 5 2 9
2 3 2 9
17 23 2 10
3 5 2 10
97 118 3 10
2 2 1 9
9 10 2 9
27 37 3 9
3 4 2 9
1 1 1 9
15 18 2 9
4 7 2 11
4 5 2 9
12 13 2 9
10 14 2 9
5 7 2 9
18 24 3 9
22 26 2 9
15 20 2 10
6 8 3 9
9 13 2 9
9 13 2 9
8 13 3 9
2 2 1 9
2 3 2 9
19 20 2 9
1 1 1 9
13 14 2 10
8 11 2 10
8 11 2 9
4 4 1 9
9 14 2 9
13 16 2 9
33 44 3 10
2 3 2 9
31 44 3 9
1 1 1 9
9 11 2 10
85 112 3 9
16 20 2 13
40 47 3 9
21 27 2 9
2 3 2 13
9 12 2 9
7 7 1 9
9 13 3 9
48 61 2 11
17 24 2 10
139 178 2 11
9 11 2 11
12 16 2 10
76 103 3 10
15 22 2 9
3 4 2 9
6 11 3 9
6 7 2 9
13 18 2 10
2 2 1 9
4 6 2 9
14 21 2 10
12 12 1 9
3 4 2 9
8 9 2 9
23 33 2 10
3 4 2 9
27 38 3 13
10 10 1 9
27 36 3 11
10 16 2 9
16 19 2 9
34 48 2 9
3 3 1 9
12 18 2 9
4 5 2 10
7 9 2 9
3 4 2 9
3 4 2 9
6 7 2 9
5 7 2 9
5 6 2 9
6 7 2 9
2 2 1 9
10 13 2 10
16 22 3 9
18 23 2 9
32 41 2 9
67 76 2 9
9 14 2 9
7 8 2 9
3 5 3 9
14 19 3 9
32 42 2 9
2 3 2 9
85 113 3 9
5 6 2 9
12 14 2 9
8 12 3 10
3 3 1 9
30 46 2 9
46 61 2 10
75 93 2 9
23 30 2 9
20 24 2 9
2 2 1 9
5 8 3 9
26 34 2 10
12 16 2 9
15 18 2 10
31 39 2 10
22 30 2 10
24 31 2 9
2 3 2 9
8 10 2 9
4 4 1 9
14 18 2 10
12 17 2 9
81 104 3 10
6 8 2 11
7 9 2 9
22 26 2 9
3 5 2 9
7 10 2 9
12 15 2 9
3 3 1 9
8 11 2 10
19 27 3 9
38 51 3 10
4 5 2 9
13 16 2 9
4 6 2 9
38 51 2 9
5 5 1 9
4 5 2 9
167 210 3 10
7 7 1 9
18 26 3 9
20 25 2 9
63 79 2 11
10 16 3 11
2 3 2 2
20 23 2 9
15 21 2 11
28 36 3 10
40 49 2 9
8 11 2 9
3 4 2 9
41 50 3 9
8 10 2 9
38 53 2 10
7 9 2 9
1 1 1 9
109 147 4 9
26 32 2 10
118 158 3 11
4 5 2 9
17 21 2 9
16 20 2 11
3 3 1 9
72 90 3 9
33 42 2 10
11 14 2 9
97 114 3 9
17 23 2 9
59 78 2 11
5 9 2 11
45 55 3 9
15 22 2 9
2 3 2 9
22 27 2 10
9 11 2 9
5 10 3 10
5 5 1 9
77 104 2 11
57 67 2 9
48 61 2 10
25 35 2 9
2 2 1 9
5 6 2 9
21 26 2 9
46 61 3 11
14 14 1 9
13 16 2 9
1 1 1 9
107 138 3 12
6 7 2 9
13 13 1 9
35 43 2 9
2 3 2 9
11 18 2 10
113 140 2 11
2 2 1 1
11 15 2 9
2 2 1 9
21 23 2 9
11 18 3 9
54 65 2 10
3 4 2 9
2 3 2 9
3 5 2 10
1 1 1 9
1 1 1 9
5 6 2 9
15 18 2 9
25 27 2 12
4 5 2 9
3 4 2 9
4 5 2 9
7 10 2 9
5 9 2 9
9 11 2 11
14 14 1 9
34 43 3 9
21 33 2 10
30 39 2 9
31 38 2 10
3 4 2 9
2 3 2 9
35 48 3 12
199 236 3 11
29 37 2 10
15 19 2 9
25 29 2 9
9 9 1 9
5 7 2 9
6 7 2 9
36 44 2 9
17 22 3 9
6 8 2 9
21 29 2 9
73 89 2 9
15 17 2 9
81 96 2 10
51 65 3 12
4 5 2 9
3 3 1 9
21 31 2 9
18 25 2 9
25 28 2 9
3 5 2 11
3 3 1 9
8 11 2 9
34 41 2 9
44 57 2 9
20 22 2 10
16 20 2 10
23 30 2 9
6 8 2 9
13 16 2 9
3 6 2 7
24 33 2 10
29 38 3 9
4 4 1 9
11 16 2 9
7 8 2 9
6 7 2 9
24 34 2 11
2 2 1 9
12 17 2 12
9 14 2 9
38 47 2 9
32 46 2 10
14 20 2 10
49 64 2 9
44 51 2 9
2 2 1 9
3 3 1 9
45 61 3 10
1 1 1 9
7 9 2 9
2 3 2 9
15 18 2 9
27 37 2 9
5 6 2 9
6 6 1 9
6 9 2 9
27 38 2 9
16 23 2 13
13 16 2 9
4 4 1 9
8 12 2 9
10 12 2 9
28 36 2 14
4 6 2 9
3 4 2 9
8 10 2 9
104 127 2 11
9 11 2 12
32 43 3 9
40 56 2 9
7 7 1 9
1 1 1 9
21 28 2 9
6 8 2 9
30 39 2 9
1 1 1 9
4 5 2 9
10 13 2 9
113 145 3 10
31 42 3 10
11 13 2 14
4 4 1 9
4 4 1 9
3 4 2 9
7 10 2 9
15 16 2 9
147 174 3 11
8 10 2 9
4 4 1 9
18 23 2 9
12 14 3 9
4 6 2 10
5 9 3 10
12 14 2 9
6 7 2 9
5 6 2 9
3 4 2 9
2 2 1 9
19 25 3 9
17 19 2 9
2 2 1 9
22 32 2 9
31 36 2 9
29 37 2 10
17 17 1 9
10 15 2 9
11 17 3 9
20 27 2 9
8 10 2 9
3 3 1 9
1 2 2 3
9 14 3 10
12 15 2 9
17 22 2 9
16 21 2 11
3 5 2 9
2 2 1 9
1 1 1 9
30 38 2 11
20 26 2 9
60 76 3 9
107 131 2 9
34 45 2 10
17 21 2 12
5 5 1 9
6 10 3 10
58 73 2 10
2 3 2 9
25 33 2 9
48 65 3 10
7 9 2 10
74 89 2 9
8 9 2 9
14 19 2 9
9 14 2 9
20 26 2 9
98 129 3 11
4 6 2 9
11 16 3 9
20 25 2 10
4 4 1 9
4 4 1 9
8 9 2 9
20 32 2 9
7 8 2 9
5 6 2 9
15 16 2 9
14 17 2 9
5 5 1 9
50 61 2 9
7 11 2 12
12 14 2 9
9 12 2 9
5 5 1 9
5 7 2 9
10 14 2 9
14 18 2 9
16 19 2 9
33 40 2 9
71 94 3 11
10 14 2 10
47 60 3 9
60 76 2 9
17 20 2 9
8 14 3 9
70 94 2 10
17 22 2 9
47 58 2 9
34 48 2 9
5 6 2 9
10 10 1 9
119 146 2 9
3 4 2 9
8 12 2 11
11 13 2 12
17 25 2 9
3 3 1 9
41 56 3 10
1 1 1 9
40 51 2 9
45 63 2 9
9 12 2 9
16 21 2 11
2 2 1 9
2 2 1 9
2 2 1 9
55 69 2 11
9 10 2 9
30 39 2 9
9 12 2 9
8 11 2 9
5 5 1 9
18 24 2 11
8 14 3 9
356 412 2 10
10 13 2 9
2 3 2 9
18 25 2 9
12 18 3 10
2 2 1 9
3 4 2 9
109 136 2 11
2 3 2 9
27 33 2 9
151 186 3 11
11 13 2 9
1 1 1 9
8 11 2 9
7 11 2 9
2 3 2 10
16 18 2 9
10 11 2 9
98 117 3 9
29 36 2 9
34 45 2 11
3 5 2 9
13 17 2 10
13 17 2 9
9 13 3 9
9 10 2 9
46 60 3 10
26 31 2 10
10 15 2 9
8 9 2 9
3 4 2 9
10 14 2 9
4 4 1 9
6 6 1 9
54 66 2 9
70 92 2 12
7 8 2 9
9 12 2 9
2 3 2 9
7 9 2 9
5 7 2 9
8 12 2 9
7 10 2 9
3 5 2 9
8 12 2 9
9 12 3 9
24 29 2 10
56 69 2 10
6 7 2 9
15 17 2 9
3 3 1 9
46 58 2 10
9 12 2 9
1 1 1 9
3 4 2 9
29 41 2 10
64 79 2 12
39 55 2 9
6 7 2 9
171 210 2 10
2 3 2 9
35 45 2 9
5 6 2 9
11 18 3 10
13 18 2 9
21 28 2 9
7 8 2 9
21 28 2 9
7 8 2 9
10 12 2 9
85 111 3 11
6 10 2 10
6 7 2 9
18 24 2 9
62 73 2 10
42 61 2 10
19 24 3 10
16 21 2 9
1 2 2 5
28 34 2 10
26 39 3 9
10 12 2 9
13 16 2 9
3 3 1 9
2 3 2 9
8 8 1 9
4 4 1 9
6 9 2 9
4 5 2 9
58 79 2 9
18 24 2 9
12 16 2 10
1 2 2 9
13 16 2 9
86 110 3 9
12 18 2 11
29 39 2 9
2 4 2 4
6 9 2 9
16 22 2 11
16 20 2 9
9 10 2 9
6 9 2 10
4 6 2 9
5 8 2 9
1 1 1 9
9 10 2 9
5 7 2 9
14 17 2 9
9 12 2 9
34 45 3 10
6 6 1 9
33 47 2 10
32 41 2 9
6 7 2 9
38 50 2 12
27 34 2 9
2 3 2 9
14 17 2 9
32 40 2 10
16 21 2 9
2 2 1 9
5 6 2 9
21 30 3 9
7 11 2 9
14 20 2 9
14 18 2 10
32 39 2 11
4 7 2 9
34 48 2 10
8 12 4 10
6 7 2 9
6 7 2 9
2 2 1 9
8 10 2 9
70 93 2 10
102 123 2 13
3 5 2 9
2 2 1 9
88 111 3 9
9 10 2 9
27 28 2 9
2 2 1 9
9 12 2 9
1 1 1 9
35 50 2 9
12 14 2 9
41 54 2 10
4 4 1 9
7 11 2 9
3 5 2 9
6 8 2 9
1 1 1 9
15 20 2 9
2 2 1 9
6 11 3 9
4 5 2 9
11 16 2 9
10 11 2 9
2 3 2 9
52 66 2 9
11 12 2 9
5 7 2 9
9 12 2 9
10 13 2 10
46 64 2 10
50 67 3 10
43 54 2 10
1 2 2 3
15 22 2 9
2 4 3 9
2 3 2 9
6 7 2 9
19 27 2 10
11 12 2 9
26 36 2 13
10 13 2 9
11 13 2 9
12 20 3 9
9 12 2 9
3 4 2 9
42 58 3 10
3 3 1 9
5 7 2 9
35 47 2 9
35 48 3 9
4 5 2 9
8 11 2 9
28 37 3 10
5 8 2 9
19 27 2 10
56 63 3 9
2 3 2 9
6 8 2 9
3 4 2 9
8 10 2 9
23 30 2 9
7 10 2 9
26 34 2 10
10 15 2 9
5 5 1 9
5 7 2 9
2 2 1 9
11 16 2 9
10 11 2 10
19 25 2 9
4 5 2 9
4 4 1 9
6 7 2 9
27 36 2 13
43 58 2 10
32 41 2 11
14 21 2 9
23 31 2 10
8 11 3 9
3 3 1 9
2 2 1 9
3 3 1 9
2 3 2 9
15 20 2 9
8 14 2 9
28 31 2 9
13 19 2 9
45 61 3 9
29 34 2 10
16 18 2 9
17 24 2 9
3 3 1 9
14 14 1 9
47 59 2 11
3 3 1 9
18 21 2 12
3 4 2 9
59 78 2 11
9 13 2 10
4 7 2 9
29 32 2 10
127 153 3 9
5 5 1 9
1 1 1 9
29 41 2 9
4 7 2 9
7 10 2 9
10 13 4 9
18 22 2 9
6 9 2 9
3 3 1 9
3 5 2 9
6 8 2 9
31 39 3 9
4 5 2 9
20 25 2 9
1 1 1 9
11 20 5 9
5 6 2 9
40 52 3 10
30 40 2 10
3 3 1 9
6 7 2 9
25 33 2 11
5 6 2 9
25 28 2 9
205 251 3 9
34 40 2 10
6 6 1 9
128 153 3 10
40 48 2 9
4 5 2 9
7 10 2 9
36 43 2 11
20 28 3 11
4 4 1 9
4 4 1 9
52 66 2 9
3 3 1 9
4 5 2 9
18 22 2 9
2 6 4 13
26 34 2 9
45 58 3 11
113 145 2 10
15 20 2 13
21 29 3 11
34 45 3 12
18 24 3 9
14 18 2 9
26 33 2 10
5 8 2 9
13 14 2 9
20 26 2 9
5 7 2 10
5 8 2 9
22 30 3 9
7 11 2 11
26 29 2 9
2 2 1 9
54 69 2 10
9 13 2 10
17 22 2 10
6 6 1 9
33 44 3 12
2 2 1 9
5 7 2 9
24 26 2 11
3 6 2 10
4 4 1 9
69 82 2 11
15 21 2 9
19 22 2 9
8 10 2 9
6 8 2 9
3 4 2 9
5 5 1 9
16 20 2 9
7 9 2 9
5 5 1 9
8 12 2 9
16 18 2 9
6 7 2 9
12 16 3 9
5 8 2 11
11 13 2 9
1 1 1 9
10 12 2 9
12 15 2 9
7 10 2 9
25 33 2 10
3 5 2 9
6 8 2 9
104 127 3 10
13 16 2 9
53 71 2 9
1 1 1 9
21 24 2 9
45 59 3 11
1 2 2 9
26 39 2 9
5 6 2 9
37 50 3 11
9 11 2 9
2 2 1 9
30 34 2 9
7 9 2 9
99 128 3 10
6 6 1 9
1 1 1 9
4 4 1 9
4 5 2 10
41 56 3 9
37 49 2 9
1 1 1 9
3 4 2 9
10 12 2 12
22 28 2 10
5 7 2 10
3 3 1 9
3 3 1 9
10 12 2 9
1 1 1 9
15 20 2 9
1 1 1 9
6 7 2 9
77 89 2 9
6 7 2 9
3 4 2 9
41 52 2 10
3 3 1 9
6 9 3 9
12 16 2 9
174 218 2 10
3 5 3 9
4 6 2 9
29 41 2 11
5 7 2 13
6 7 2 9
48 59 2 10
15 20 2 9
45 52 2 10
10 12 2 9
5 5 1 9
3 3 1 9
26 35 2 10
6 9 2 9
2 2 1 9
4 7 3 9
17 19 2 11
17 22 2 9
25 34 2 12
18 25 2 11
22 31 2 11
6 7 2 9
16 22 2 10
8 11 2 9
6 9 2 9
5 7 2 9
10 13 3 9
22 25 2 9
34 41 2 9
4 5 2 9
16 23 3 9
2 3 2 9
3 3 1 9
5 7 2 9
16 20 2 9
31 41 2 11
35 43 2 9
10 12 2 9
19 23 2 11
8 10 2 9
6 7 2 9
8 8 1 9
17 22 2 9
4 6 2 9
22 29 2 9
43 61 2 11
14 17 2 10
6 10 3 9
3 5 2 9
2 3 2 9
4 6 2 9
33 46 3 10
3 3 1 9
3 4 2 9
23 27 2 9
11 14 3 9
8 11 2 9
11 16 3 11
27 36 2 11
3 5 2 9
15 16 2 9
11 16 2 9
17 18 2 9
10 17 2 9
7 9 2 9
7 8 2 9
7 8 2 9
11 16 3 9
13 16 2 9
10 15 2 10
13 17 2 9
8 8 1 9
4 5 2 9
7 12 2 11
53 67 3 9
20 31 3 12
13 20 3 10
3 4 2 9
31 40 2 9
2 3 2 9
12 13 2 10
32 41 2 11
5 5 1 9
3 3 1 9
69 87 3 10
19 24 2 9
35 46 2 11
4 5 2 9
29 37 2 10
17 21 2 9
4 4 1 9
9 13 2 9
12 13 2 9
27 39 3 10
224 273 3 11
13 15 2 9
6 8 2 9
41 52 2 9
4 6 2 9
3 4 2 9
18 24 2 10
4 8 3 9
5 7 3 9
25 31 2 11
18 21 2 9
18 22 2 9
2 3 2 9
26 31 3 9
12 15 2 9
13 18 2 9
6 9 2 9
15 19 2 9
1 1 1 9
6 7 2 9
5 5 1 9
5 6 2 9
5 6 2 9
3 4 2 9
3 4 2 10
41 50 3 10
1 2 2 7
4 5 2 9
5 8 2 9
9 12 2 11
2 3 2 9
11 13 2 9
4 6 3 9
34 43 3 9
17 24 2 9
9 10 2 9
2 2 1 9
10 12 2 9
45 59 2 10
30 42 3 9
4 6 2 9
2 3 2 9
12 17 3 10
2 2 1 9
2 2 1 9
20 25 2 9
2 2 1 9
6 7 2 9
6 12 3 9
5 7 2 9
11 14 2 10
41 53 3 9
4 4 1 9
6 10 2 9
24 31 3 9
79 101 2 11
19 22 2 9
4 7 2 9
2 3 2 9
5 6 2 9
2 3 2 9
7 8 2 9
8 12 2 9
16 21 2 10
3 3 1 9
31 42 2 9
6 6 1 9
6 8 2 9
18 23 2 10
11 15 2 9
1 2 2 6
5 9 2 10
5 7 2 9
1 1 1 9
29 34 2 9
11 13 2 9
8 10 2 9
3 5 2 9
7 10 2 9
8 10 2 9
8 12 3 9
65 77 3 10
12 16 2 9
2 2 1 9
17 22 2 11
12 16 2 9
2 4 2 9
44 65 3 10
15 20 3 10
21 26 2 10
109 148 2 9
3 5 2 9
71 84 3 9
4 6 2 9
45 57 2 11
20 30 2 10
23 28 2 9
17 22 2 9
141 180 2 9
9 13 2 9
7 9 2 9
2 2 1 9
7 9 2 9
3 4 2 9
125 154 2 12
17 26 3 10
3 4 2 9
50 67 2 9
11 15 2 9
5 9 2 9
13 17 2 9
3 3 1 9
14 21 2 9
19 28 2 9
11 13 2 9
44 55 2 10
13 15 2 9
7 10 2 9
34 46 2 10
2 3 2 9
10 10 1 9
18 19 2 9
18 25 3 9
7 9 2 9
42 52 3 9
13 20 2 9
12 17 2 9
10 13 2 9
3 5 2 9
7 7 1 9
5 6 2 9
2 4 2 9
7 8 2 9
8 12 2 9
6 9 2 10
1 1 1 9
47 59 2 11
11 15 2 9
4 5 2 9
62 81 2 9
64 78 3 9
2 3 2 9
5 7 2 10
22 29 2 9
7 8 2 9
11 13 2 9
32 40 2 11
18 24 3 9
4 5 2 9
34 44 3 10
14 21 3 13
6 8 2 10
78 93 3 13
80 97 3 10
2 2 1 9
5 10 3 10
6 7 2 9
10 15 2 9
45 66 2 10
28 40 2 9
19 25 2 10
6 8 2 9
7 9 2 9
13 20 3 9
30 42 2 9
13 16 2 10
12 18 2 9
5 7 2 9
5 7 2 9
2 2 1 9
34 46 2 9
5 10 2 9
7 9 2 9
8 11 2 9
6 6 1 9
5 7 2 9
10 14 2 9
48 62 2 14
1 2 2 5
8 11 2 10
14 17 2 9
24 33 2 9
70 96 3 10
57 76 2 10
16 21 3 9
20 24 2 9
8 12 3 11
43 60 3 10
1 1 1 9
6 9 2 9
3 3 1 9
14 17 2 12
23 30 2 9
5 7 2 9
8 12 2 9
3 3 1 9
12 16 2 9
2 4 2 6
17 24 2 9
268 328 3 12
9 12 2 9
6 8 2 9
5 7 3 9
51 73 2 10
45 61 3 9
7 13 3 9
3 4 2 9
8 10 2 9
84 106 3 9
11 15 3 11
106 130 3 10
2 2 1 9
3 3 1 9
76 95 2 10
51 65 2 9
1 1 1 9
39 44 2 9
11 14 2 9
17 23 2 9
98 124 2 9
4 6 2 9
40 53 2 9
5 6 2 9
35 49 3 9
4 4 1 9
161 192 2 11
77 92 3 10
17 22 3 9
11 16 2 9
9 13 2 9
14 21 2 9
3 4 2 12
42 60 2 10
6 7 2 9
8 11 2 9
55 72 2 9
2 3 2 9
14 18 2 9
13 14 2 9
43 56 2 9
8 11 2 9
13 15 2 9
23 29 2 10
15 18 2 9
5 6 2 9
45 55 2 9
3 3 1 9
4 5 2 9
10 12 2 9
9 15 3 9
1 2 2 5
20 24 2 9
7 9 2 9
68 82 3 11
30 37 2 9
5 6 2 9
9 12 2 9
8 12 2 10
11 14 2 9
2 3 2 9
3 5 2 9
35 44 4 9
10 12 2 9
2 2 1 9
2 4 2 9
27 32 2 9
6 7 2 9
21 26 2 9
9 10 2 9
84 104 3 10
26 35 2 10
6 6 1 9
8 10 2 9
11 14 2 9
14 17 2 9
9 11 2 9
4 5 2 9
28 38 2 12
74 94 2 11
13 15 2 9
7 9 2 9
15 24 2 9
14 19 2 10
11 14 2 9
2 2 1 9
5 8 2 9
77 96 3 9
2 2 1 9
1 1 1 9
45 64 3 12
2 2 1 9
8 9 2 9
14 18 3 9
55 73 2 11
15 18 2 9
5 8 2 9
7 10 2 9
10 13 2 9
9 14 2 10
5 6 2 13
172 210 2 11
6 10 3 9
7 10 2 9
8 11 2 9
52 69 3 11
2 2 1 9
42 49 2 9
6 8 2 9
1 1 1 9
9 13 2 9
33 41 2 13
1 2 2 8
8 13 3 9
39 50 2 9
7 11 2 9
8 10 2 9
86 112 2 11
3 3 1 9
45 56 2 10
50 65 2 11
2 2 1 9
9 11 2 10
6 8 2 9
3 4 2 9
65 77 3 9
2 3 2 9
68 92 3 9
5 6 2 9
13 18 2 9
6 8 2 9
20 25 2 10
30 38 2 9
127 156 2 9
5 7 2 9
39 49 2 10
15 21 2 10
42 52 2 9
71 95 3 11
7 8 2 9
15 20 2 9
38 49 2 13
17 23 2 11
5 8 2 9
4 5 2 9
74 90 2 9
25 32 3 9
18 22 2 11
3 3 1 9
7 10 2 12
12 16 2 9
1 1 1 9
14 17 2 10
11 12 2 9
18 25 3 10
10 15 3 10
6 8 2 9
25 29 2 9
11 14 2 9
29 37 2 9
28 44 3 12
6 6 1 9
20 27 3 9
9 13 2 9
2 4 2 8
16 23 2 9
2 2 1 9
15 18 2 9
8 9 2 9
18 21 2 9
9 11 2 9
3 5 2 9
2 3 2 9
40 54 2 10
10 11 2 11
4 5 2 9
75 95 2 10
21 26 2 9
9 14 3 9
137 174 3 10
18 27 2 11
5 6 2 9
22 33 2 9
44 60 3 9
5 7 2 9
7 7 1 9
2 4 2 9
19 27 2 9
46 53 2 9
9 12 2 10
37 48 2 9
20 21 2 9
8 10 2 9
3 6 3 5
3 3 1 9
13 18 3 9
3 3 1 9
72 92 3 10
4 6 3 9
4 5 2 10
20 24 2 11
14 16 2 9
42 52 2 10
8 10 2 9
22 24 2 9
6 9 2 10
14 15 2 9
11 15 2 9
1 1 1 9
3 4 2 9
12 14 2 9
16 21 2 13
10 10 1 9
13 15 2 9
6 7 2 9
5 6 2 9
19 22 2 9
2 3 2 9
64 85 3 10
17 21 2 9
2 2 1 9
7 10 2 9
3 5 2 9
9 12 3 9
4 5 2 9
5 6 2 9
26 29 2 9
6 9 2 9
20 26 2 11
21 24 2 9
7 8 2 9
155 199 4 10
4 5 2 9
2 3 2 9
7 8 2 9
3 5 2 9
1 1 1 9
32 41 2 10
38 51 3 10
51 62 2 10
15 17 2 9
7 9 3 9
17 22 2 10
5 7 2 10
9 12 2 9
9 11 2 9
7 9 2 9
10 11 2 9
10 13 2 10
2 3 2 9
9 10 2 9
7 9 2 9
21 26 2 10
3 4 2 9
9 10 2 9
10 13 2 10
10 12 2 9
16 23 2 9
15 20 2 13
32 44 2 9
18 24 2 9
3 3 1 9
3 5 2 9
2 2 1 9
12 16 2 9
27 36 3 11
15 22 2 9
18 22 2 9
8 9 2 9
15 21 2 9
4 6 2 9
3 4 2 9
3 4 2 9
3 3 1 9
39 50 2 10
58 72 2 12
18 28 2 9
17 24 2 9
8 11 2 9
3 4 2 9
22 33 2 9
1 1 1 9
6 7 2 9
15 16 2 9
3 4 2 9
1 3 3 1
23 32 3 9
22 29 2 10
6 7 2 11
49 63 2 12
6 7 2 9
1 1 1 9
37 42 2 9
36 47 2 9
21 28 2 9
19 24 2 9
28 39 3 10
5 6 2 9
50 62 2 9
3 4 2 9
48 60 3 9
43 58 2 10
31 39 3 10
19 23 2 9
1 2 2 2
6 8 2 10
3 4 2 10
10 13 2 9
53 68 2 10
214 262 3 13
44 54 3 9
11 14 2 9
3 3 1 9
18 23 3 9
14 17 2 9
2 3 2 9
3 3 1 9
77 93 2 10
14 22 3 9
1 2 2 4
2 2 1 9
41 51 3 10
8 11 2 9
17 24 2 9
7 8 2 9
2 2 1 9
2 2 1 9
12 12 1 9
7 10 2 9
6 8 2 9
14 18 2 10
7 8 2 9
20 25 2 9
1 2 2 1
7 9 2 10
1 1 1 9
6 8 2 9
11 15 2 9
15 17 2 9
2 2 1 9
10 13 2 11
4 4 1 9
4 5 2 9
17 22 2 9
9 11 2 10
29 40 2 9
4 4 1 9
11 16 2 9
4 6 2 9
11 15 2 9
9 13 2 9
10 13 3 9
9 13 2 9
3 3 1 9
5 9 2 9
8 8 1 9
16 20 2 9
6 8 2 10
5 5 1 9
13 17 2 9
46 60 3 11
34 47 2 9
29 38 2 9
6 9 2 10
3 4 2 9
22 25 2 11
7 10 2 9
11 21 3 10
7 8 2 9
28 34 2 9
2 2 1 9
32 43 2 9
6 7 2 9
23 30 2 9
4 6 2 9
5 7 2 10
2 2 1 9
3 3 1 9
2 2 1 9
12 13 2 9
16 22 2 9
4 4 1 9
11 16 2 9
11 16 2 10
22 28 2 10
2 2 1 9
17 19 2 9
36 45 2 9
1 1 1 9
23 34 2 9
36 52 2 10
31 40 2 9
8 9 2 9
47 60 3 9
1 1 1 9
217 267 3 12
2 2 1 9
5 8 2 9
10 12 2 9
74 94 2 12
5 5 1 9
9 12 2 9
4 5 2 9
10 15 2 11
46 55 2 9
3 4 2 9
128 159 3 10
1 2 2 11
40 45 2 9
26 35 3 9
28 30 2 9
49 63 2 10
5 7 2 9
22 29 3 10
10 13 2 9
4 5 2 9
2 3 2 9
20 25 2 9
7 8 2 9
11 13 2 9
10 13 2 9
3 4 2 9
9 11 2 9
3 4 2 9
10 13 2 9
65 83 3 11
19 26 2 9
18 24 2 9
12 15 2 9
7 11 3 9
9 10 2 9
8 10 2 9
33 40 2 9
7 9 2 9
5 5 1 9
3 3 1 9
49 58 2 9
2 4 2 7
82 93 3 10
3 5 2 9
3 5 2 9
3 4 2 11
2 3 2 9
42 53 2 13
42 53 2 10
20 26 3 11
3 3 1 9
1 2 2 5
80 97 2 10
22 28 3 9
13 17 2 9
2 3 2 9
4 4 1 9
4 5 2 9
5 5 1 9
33 43 2 10
16 21 2 9
8 12 2 9
6 7 2 9
6 9 2 10
1 2 2 9
74 93 2 10
14 20 2 9
18 20 2 9
4 7 2 9
5 7 2 10
4 5 2 9
6 8 2 9
4 6 2 9
94 128 3 11
9 15 3 9
25 33 2 10
75 97 3 10
22 29 2 9
16 20 2 9
3 4 2 9
5 8 2 9
21 28 2 9
1 1 1 9
14 18 2 9
35 47 2 10
9 13 2 9
2 3 2 9
4 4 1 9
5 6 2 9
149 186 3 9
7 9 2 9
26 35 3 9
5 7 2 9
11 13 2 9
58 73 3 12
3 3 1 9
12 15 2 9
5 6 2 9
107 140 3 10
18 25 3 9
2 2 1 9
10 12 2 9
3 3 1 9
14 22 3 11
18 26 3 9
15 17 2 9
9 12 3 9
33 40 3 9
2 2 1 9
46 58 2 10
8 11 2 10
5 6 2 9
15 17 2 9
25 33 2 10
6 9 2 10
7 9 2 9
10 15 3 10
17 20 2 9
3 5 2 9
7 8 2 9
2 2 1 9
10 13 2 9
8 9 2 9
13 17 3 9
3 4 2 9
5 6 2 9
2 3 2 9
16 21 3 9
5 6 2 9
29 39 2 11
7 7 1 9
13 13 1 9
8 12 2 9
8 11 2 9
2 3 2 9
20 32 3 10
20 29 2 11
4 7 2 9
8 8 1 9
15 19 2 9
13 17 2 11
25 34 2 11
4 4 1 9
6 9 2 9
2 4 2 9
13 15 2 9
4 5 2 9
3 4 2 9
2 2 1 9
47 57 2 10
27 41 2 9
9 12 2 10
2 3 2 9
11 11 1 9
9 10 2 9
7 8 2 9
2 2 1 9
4 4 1 9
30 40 2 9
13 19 2 9
70 90 2 10
19 24 2 9
13 18 2 10
5 7 2 9
29 31 2 9
21 29 2 10
7 7 1 9
5 6 2 9
2 2 1 9
107 136 2 9
31 39 3 11
22 31 2 9
2 2 1 9
16 21 2 9
8 11 2 12
21 28 2 10
6 7 2 9
2 3 2 9
20 23 2 11
12 16 2 10
1 1 1 9
40 49 2 11
156 199 3 11
3 4 2 9
13 16 2 9
2 2 1 9
47 59 3 9
9 12 2 9
6 7 2 9
2 2 1 9
12 17 2 9
5 7 3 9
2 2 1 9
5 7 2 9
12 17 2 9
18 24 2 10
2 2 1 9
9 11 2 9
6 8 2 9
22 30 2 9
10 11 2 9
15 16 2 10
112 149 3 10
12 18 2 9
7 8 2 10
4 4 1 9
8 11 2 9
24 30 2 9
75 93 2 9
1 1 1 9
25 29 2 9
30 36 2 10
10 16 2 9
18 26 3 9
6 8 2 9
4 6 2 9
34 49 3 9
61 82 3 9
25 31 2 12
6 6 1 9
1 1 1 9
80 100 3 10
2 2 1 9
4 4 1 9
9 13 2 9
4 5 2 10
13 16 2 9
6 8 2 9
37 46 3 11
2 3 2 9
24 29 2 11
7 10 2 10
7 10 2 9
1 2 2 4
8 12 3 9
7 9 2 9
3 4 2 10
2 3 2 9
4 5 2 9
4 6 2 9
3 3 1 9
116 150 3 12
8 11 2 10
7 9 2 9
21 23 2 9
8 12 2 9
24 31 2 9
6 7 2 12
20 28 2 10
27 36 2 10
10 14 2 9
8 10 2 9
16 20 2 9
2 3 2 9
22 30 3 10
3 4 2 9
41 54 3 12
11 15 2 9
5 6 2 9
5 8 2 9
2 3 2 9
47 67 2 11
3 4 2 9
7 9 2 9
8 11 2 9
16 20 2 9
2 2 1 9
8 11 2 9
9 13 2 10
52 65 2 10
7 8 2 9
5 7 2 12
23 32 2 10
8 9 2 9
8 10 2 9
5 6 2 9
16 23 3 9
40 54 3 11
1 2 2 4
11 16 2 9
11 14 2 9
3 4 2 9
2 2 1 9
76 95 3 10
2 3 2 9
2 2 1 9
1 1 1 9
10 13 2 9
10 15 2 9
106 131 2 11
4 6 2 9
19 27 3 11
10 13 2 9
2 3 2 9
21 27 2 12
10 12 2 10
86 102 2 9
5 8 2 9
6 9 2 9
3 4 2 10
5 8 2 9
41 53 2 11
4 5 2 9
1 1 1 9
16 21 2 10
7 11 2 11
6 10 3 9
54 67 2 9
5 6 2 9
4 6 2 9
4 4 1 9
125 162 2 10
3 3 1 9
6 7 2 9
1 1 1 9
4 7 2 10
11 14 2 9
22 27 2 11
4 7 3 9
7 9 2 9
42 55 2 9
2 4 2 8
20 27 2 11
13 15 2 11
9 12 2 9
10 13 2 10
8 9 2 9
16 19 2 9
13 17 2 9
12 16 2 9
12 15 2 9
2 3 2 11
9 13 2 9
24 32 2 10
45 59 2 9
8 10 2 9
9 13 2 9
6 8 2 9
65 78 2 10
52 60 2 9
15 20 2 9
2 3 2 9
77 99 3 10
11 13 2 9
4 4 1 9
8 10 3 9
103 130 2 11
7 8 2 9
3 3 1 9
4 4 1 9
8 13 2 9
19 25 2 9
6 8 2 11
24 30 3 9
9 10 2 9
3 4 2 9
16 21 2 9
6 8 2 11
1 1 1 9
10 14 2 14
9 15 2 9
17 25 2 9
5 8 2 9
2 2 1 9
47 64 2 10
2 2 1 9
4 4 1 9
5 7 2 9
72 101 2 10
53 74 2 10
1 1 1 9
2 2 1 9
4 4 1 9
4 6 2 9
2 2 1 9
3 3 1 9
11 18 2 9
3 3 1 9
61 79 2 11
8 10 2 9
26 35 2 10
5 6 2 9
30 41 2 9
6 7 2 9
3 5 2 9
2 3 2 9
4 6 2 9
16 20 2 9
1 1 1 9
3 6 2 9
4 6 2 9
12 16 2 9
23 29 2 9
41 56 3 9
8 10 2 9
6 8 2 9
1 1 1 9
3 6 2 9
105 135 3 10
7 8 2 9
4 5 2 9
2 4 2 6
5 7 2 9
17 20 2 9
4 5 2 9
4 6 2 9
2 2 1 9
17 20 2 9
40 56 2 9
8 10 2 9
6 8 2 9
6 8 2 9
62 83 3 10
9 12 2 11
9 11 2 9
6 8 2 9
3 4 2 9
30 41 3 10
7 9 2 9
3 4 2 9
18 25 3 10
15 20 2 11
2 3 2 9
40 52 2 9
5 6 2 9
8 10 2 9
15 21 2 17
18 22 2 9
8 11 2 9
13 20 3 9
5 8 2 10
22 31 3 9
16 21 2 10
3 4 2 9
4 6 3 9
8 13 3 12
16 19 2 11
5 6 2 9
6 7 2 9
5 7 2 9
22 28 2 9
22 32 3 9
5 5 1 9
16 22 2 9
7 11 2 9
4 5 2 9
9 11 2 9
15 18 2 9
64 88 3 10
8 9 2 9
21 31 3 9
7 10 2 9
4 6 2 9
16 22 2 9
9 12 2 9
6 7 2 9
7 8 2 9
4 4 1 9
7 11 3 9
23 28 2 9
3 4 2 9
4 4 1 9
3 6 2 7
7 10 2 10
15 20 2 10
14 18 2 9
2 4 3 9
32 43 2 10
29 34 2 9
6 8 2 9
32 40 3 9
86 113 3 10
22 30 2 10
3 3 1 9
17 25 2 10
9 10 2 9
32 42 2 11
15 22 3 11
14 21 2 13
2 2 1 9
6 7 2 9
7 9 2 12
11 13 2 9
4 5 2 9
10 12 2 9
29 39 3 10
5 5 1 9
21 25 2 9
83 104 2 10
2 2 1 9
17 21 2 11
36 46 2 10
2 2 1 9
26 29 2 9
22 31 2 9
6 9 2 9
65 86 3 12
6 6 1 9
59 75 3 9
10 11 2 9
5 7 2 9
5 8 2 9
10 14 2 10
4 6 2 9
1 1 1 9
3 3 1 9
4 7 2 13
1 1 1 9
20 25 2 9
17 20 2 11
5 7 2 9
4 5 2 9
3 4 2 9
5 5 1 9
28 35 3 10
6 7 2 9
6 7 2 9
43 54 2 11
7 9 2 9
21 26 2 9
33 43 3 9
3 5 2 9
31 35 2 9
50 66 3 9
3 3 1 9
8 9 2 9
9 13 2 9
121 154 3 10
1 2 2 2
40 58 2 10
9 14 2 9
6 7 2 9
10 16 2 9
4 5 2 9
7 11 2 9
17 21 2 9
15 19 2 9
13 18 2 11
14 16 2 10
48 65 3 9
20 27 2 9
15 19 2 10
5 6 2 9
4 6 2 9
2 3 2 9
20 24 2 9
9 11 2 9
8 12 2 9
33 45 3 10
2 3 2 9
62 79 3 11
18 20 2 9
9 12 2 9
3 4 2 9
3 3 1 9
11 16 3 9
22 28 2 10
11 14 3 9
13 17 2 9
28 37 3 9
108 135 3 9
4 5 2 9
19 28 3 12
15 20 2 11
22 32 3 9
73 93 3 9
7 10 2 9
16 23 2 9
156 186 2 10
1 2 2 2
8 13 2 9
9 12 2 9
5 5 1 9
10 15 2 10
1 1 1 9
3 5 2 9
86 111 2 10
3 3 1 9
28 37 3 9
2 3 2 9
12 13 2 9
7 10 3 9
2 2 1 9
2 2 1 9
6 7 2 9
4 6 2 9
8 11 3 9
13 15 2 10
3 6 2 9
3 3 1 9
3 4 2 9
3 4 2 9
28 35 2 9
3 6 3 9
8 10 2 9
22 26 2 9
30 43 4 9
1 2 2 5
4 6 2 9
22 26 2 9
18 25 2 11
41 52 3 9
24 34 2 10
155 185 2 11
5 5 1 9
3 3 1 9
10 12 2 9
18 23 2 11
61 79 2 10
2 3 2 9
6 8 3 9
6 6 1 9
21 31 2 11
12 20 3 12
19 22 2 9
7 10 2 9
3 4 2 9
4 8 3 9
52 70 2 10
6 8 3 9
55 68 3 10
5 8 3 9
4 6 2 9
37 48 2 9
233 280 2 12
47 58 2 9
1 1 1 9
5 5 1 9
56 83 3 15
285 326 3 11
8 10 2 9
39 53 3 11
4 5 2 12
12 17 2 10
43 54 3 12
3 4 2 9
3 3 1 9
9 12 2 9
106 133 2 10
6 7 2 9
16 19 2 9
12 12 1 9
5 8 2 9
1 1 1 9
32 39 2 10
7 10 2 9
8 11 2 9
13 16 2 9
1 1 1 9
9 13 3 9
62 81 3 11
2 2 1 9
41 50 2 10
2 2 1 9
51 72 2 9
3 3 1 9
12 16 2 9
15 20 2 9
6 9 2 10
17 20 2 9
10 13 2 9
6 9 2 9
38 47 2 9
1 2 2 5
4 5 2 9
6 9 2 9
16 20 2 9
8 14 2 9
5 8 2 10
13 16 2 9
10 16 2 9
23 29 2 9
10 12 2 9
6 8 2 9
10 11 2 9
10 14 2 9
3 4 2 12
9 15 3 10
28 34 2 9
8 12 2 9
54 71 2 9
4 6 2 9
66 80 2 9
24 38 2 10
6 9 2 9
7 7 1 9
7 10 2 9
9 12 2 9
6 7 2 9
4 4 1 9
50 68 3 9
7 8 2 9
3 3 1 9
1 1 1 9
4 5 2 9
33 47 3 10
11 16 3 9
13 17 2 10
26 32 2 10
2 3 2 9
2 2 1 9
14 15 2 9
10 12 2 9
15 19 2 9
33 36 2 9
20 24 2 12
29 39 2 9
20 26 2 9
8 12 2 9
4 4 1 9
19 25 2 10
10 14 2 9
3 3 1 9
23 36 4 12
125 155 3 11
2 2 1 9
15 19 2 9
15 20 3 9
2 4 2 5
3 4 2 9
26 34 2 9
19 26 2 9
4 6 2 9
33 41 2 10
2 2 1 9
16 18 2 9
15 20 2 10
3 4 2 9
4 4 1 9
14 16 2 9
5 5 1 9
7 7 1 9
28 38 2 9
18 22 2 11
2 3 2 9
8 9 2 9
14 19 2 12
11 14 2 9
6 8 2 9
3 4 2 9
28 41 2 12
8 10 2 9
3 4 2 9
4 4 1 9
72 86 2 10
4 5 2 9
36 47 2 10
8 10 2 9
3 4 2 9
18 24 2 9
14 17 2 9
5 8 2 10
2 3 2 9
14 18 2 9
3 3 1 9
8 11 2 9
32 39 2 10
128 162 3 12
2 2 1 9
10 16 2 9
5 6 2 10
6 8 2 9
5 8 2 9
23 31 2 9
9 11 2 9
14 20 2 9
3 3 1 9
18 23 2 9
6 7 2 9
10 14 3 9
27 38 2 9
12 15 2 9
2 3 2 9
14 21 2 12
25 31 2 10
7 7 1 9
9 9 1 9
4 6 2 9
16 18 2 9
7 9 2 9
2 3 2 9
7 9 2 9
19 23 2 10
9 12 2 9
48 59 2 9
1 1 1 9
6 7 2 9
10 15 2 9
36 44 2 9
8 10 2 9
11 11 1 9
51 68 2 10
3 3 1 9
30 40 2 10
16 18 2 9
16 24 2 9
9 10 2 9
15 18 2 9
16 24 3 9
8 9 2 9
47 65 2 10
21 24 2 9
10 12 2 10
29 36 2 9
12 16 2 9
40 49 2 9
53 68 3 10
5 8 2 9
6 7 2 9
21 27 2 9
2 2 1 9
22 26 2 9
85 102 3 9
3 4 2 9
1 1 1 9
11 14 2 9
26 33 2 9
5 5 1 9
68 87 2 9
49 65 2 9
38 50 2 10
7 9 2 9
24 32 2 9
52 64 3 11
5 8 2 9
2 3 2 9
8 10 2 9
4 6 2 9
21 26 2 9
12 18 2 9
2 2 1 9
4 6 2 9
13 16 2 9
10 10 1 9
7 9 2 9
9 12 2 9
1 2 2 2
8 10 2 9
3 6 3 9
3 3 1 9
1 1 1 9
10 11 2 9
38 47 2 9
28 33 2 10
36 49 2 10
6 7 2 9
29 33 2 9
1 1 1 9
21 27 2 9
3 3 1 9
16 19 2 9
10 14 2 9
4 5 2 9
3 3 1 9
8 10 2 9
124 151 3 10
10 13 2 10
11 16 2 9
14 16 2 12
5 7 2 9
7 12 2 9
9 11 2 10
33 42 4 9
88 115 2 9
11 14 3 9
38 49 2 9
8 10 2 9
5 8 2 9
7 9 3 9
17 23 2 9
32 39 3 9
4 6 2 9
3 4 2 9
7 9 2 9
8 11 2 9
2 3 2 9
23 28 2 9
9 10 2 10
3 4 2 9
26 37 3 9
6 7 2 9
13 15 2 9
1 1 1 9
3 5 2 9
3 3 1 9
12 16 2 9
11 14 2 9
4 8 3 9
23 28 2 9
2 2 1 9
12 15 2 9
4 8 2 8
5 6 2 9
8 11 2 9
19 22 3 9
2 2 1 9
14 17 2 10
2 3 2 9
39 46 2 9
3 4 2 9
31 41 2 10
39 49 2 10
21 25 2 9
15 18 2 9
88 111 2 11
7 10 3 9
146 186 3 11
5 8 2 10
16 22 2 9
8 11 3 9
4 6 2 9
8 10 2 9
13 17 2 9
7 12 2 9
12 15 2 10
13 15 2 11
31 39 3 9
10 14 2 9
7 9 2 9
6 7 2 9
28 34 2 11
9 12 2 9
5 5 1 9
12 14 2 9
1 2 2 6
19 25 3 10
6 7 2 9
160 193 3 13
8 11 2 9
14 19 3 12
32 40 2 10
2 3 2 9
17 22 2 9
14 16 2 9
34 45 2 10
15 17 2 9
39 49 2 9
1 1 1 9
14 18 2 10
2 3 2 9
3 3 1 9
11 13 2 10
45 59 2 10
15 18 2 9
149 184 4 10
42 55 3 12
2 3 2 9
59 79 3 10
8 11 2 9
11 16 2 9
3 3 1 9
10 11 2 9
11 11 1 9
41 53 2 9
49 64 2 12
5 6 2 9
6 8 2 9
3 4 2 9
2 2 1 9
11 12 2 9
25 35 3 9
4 4 1 9
18 22 2 10
6 7 2 9
30 38 2 10
15 21 2 10
92 116 2 10
25 36 2 9
66 87 2 10
10 14 2 9
3 5 2 9
15 20 3 9
9 12 2 9
17 23 2 9
2 3 2 9
73 91 2 11
18 24 3 10
3 4 2 9
4 5 2 9
53 66 2 10
1 1 1 9
2 2 1 9
8 11 2 9
18 24 2 11
16 24 3 9
7 8 2 9
80 97 2 9
33 46 2 9
14 16 2 10
6 6 1 9
4 6 2 9
117 143 2 9
33 47 3 10
1 2 2 4
27 33 2 9
35 46 2 10
3 4 2 9
4 4 1 9
68 86 3 10
3 5 2 9
17 22 2 9
34 41 2 10
10 14 2 9
13 18 2 9
2 4 2 7
21 27 2 9
21 28 2 9
8 9 2 9
2 3 2 9
15 18 2 9
36 44 3 9
49 65 2 9
7 8 2 9
9 10 2 9
1 2 2 2
67 90 2 9
15 20 2 9
3 5 2 9
13 17 2 11
11 14 2 9
36 47 2 9
7 10 2 9
29 36 3 9
2 2 1 9
81 113 3 10
18 21 2 9
9 13 2 11
34 45 2 10
1 1 1 9
155 192 2 11
12 16 2 9
31 44 2 10
4 7 2 9
44 55 2 9
50 68 3 9
20 29 3 10
2 2 1 9
4 6 2 9
4 5 2 9
3 5 2 10
4 7 2 9
2 4 2 9
2 3 2 10
131 159 2 14
2 3 2 9
19 29 3 9
30 40 2 9
36 45 2 10
15 17 2 9
27 42 2 10
5 7 2 9
11 14 2 9
59 76 2 9
1 2 2 5
2 3 2 9
2 3 2 9
11 12 2 9
11 14 2 9
111 140 2 10
7 10 2 9
3 5 2 9
8 9 2 9
24 28 2 9
5 5 1 9
27 36 2 10
7 10 2 9
12 15 2 9
9 11 2 9
19 25 3 9
2 2 1 9
10 13 2 9
20 25 2 10
7 8 2 9
6 7 2 11
30 40 2 9
8 10 2 9
34 44 3 9
3 3 1 9
4 7 2 9
3 4 2 9
8 9 2 9
45 57 2 9
21 23 2 10
4 6 2 9
8 10 3 9
3 4 2 9
17 21 2 9
2 3 2 9
4 4 1 9
6 6 1 9
25 31 2 9
6 8 2 9
7 8 2 9
155 194 2 10
37 46 2 9
9 10 2 9
16 18 2 9
3 3 1 9
24 31 2 10
2 2 1 9
98 125 3 12
5 6 2 9
3 4 2 9
34 51 3 9
29 35 2 9
3 4 2 9
23 29 2 9
2 2 1 9
50 62 2 10
8 11 2 9
2 3 2 9
175 211 3 10
1 1 1 9
6 7 2 9
3 3 1 9
14 17 2 10
3 3 1 9
3 3 1 9
2 4 2 9
6 7 2 9
15 20 2 9
57 68 2 9
9 12 2 9
3 3 1 9
4 7 2 9
4 7 2 9
14 19 2 9
94 120 2 11
8 9 2 9
2 3 2 9
3 5 2 9
48 65 2 10
5 7 2 9
23 28 2 9
4 6 2 9
41 52 3 9
51 63 2 10
59 75 2 13
20 24 2 9
41 52 2 9
51 67 3 10
4 5 2 9
11 14 2 9
2 2 1 9
2 2 1 9
12 15 2 9
1 1 1 9
38 50 2 10
4 4 1 9
28 38 3 11
23 29 3 9
4 6 3 9
8 11 2 9
22 29 2 9
3 5 3 9
30 36 2 9
13 20 3 9
22 30 2 9
6 8 2 9
6 8 2 9
69 87 2 9
3 5 2 9
4 5 2 9
32 42 2 9
47 63 2 9
4 5 2 9
17 23 2 9
11 15 2 9
10 11 2 9
25 36 2 9
24 30 2 9
21 31 2 9
8 9 2 9
15 20 2 9
6 7 2 9
8 13 2 9
9 12 2 9
15 19 2 9
4 4 1 9
7 10 2 9
51 71 3 12
3 3 1 9
26 29 2 9
17 23 2 9
2 3 2 9
5 7 2 10
10 17 3 10
1 1 1 9
34 41 3 9
4 4 1 9
4 6 2 9
7 7 1 9
23 28 2 10
3 5 2 10
24 31 2 9
8 10 2 9
7 8 2 9
160 194 2 11
19 24 2 9
7 10 2 10
52 60 3 9
2 2 1 9
9 11 2 9
81 103 3 10
7 9 2 10
13 17 2 10
15 18 2 11
7 8 2 9
6 8 2 9
9 12 2 9
13 16 2 9
3 4 2 9
8 9 2 9
59 72 2 10
3 4 2 10
13 18 2 9
10 11 2 9
1 1 1 9
6 8 2 9
10 14 2 9
18 24 2 10
7 8 2 9
32 41 2 11
9 13 2 9
5 6 2 9
18 25 3 9
36 50 2 9
1 1 1 9
6 10 3 9
7 11 3 10
29 35 2 9
1 1 1 9
3 4 2 9
5 8 2 9
6 6 1 9
35 47 2 9
10 15 2 9
1 2 2 9
12 15 2 11
16 20 3 11
6 7 2 9
6 9 2 9
5 6 2 9
37 49 2 12
43 49 3 10
3 5 2 10
3 4 2 9
3 3 1 9
3 3 1 9
3 4 2 9
3 4 2 9
4 5 2 9
22 24 2 9
69 84 2 11
1 2 2 9
12 15 2 9
3 4 2 9
15 18 2 9
49 61 3 9
3 3 1 9
2 3 2 9
24 31 2 9
10 13 2 9
6 8 2 10
9 11 2 9
8 10 2 9
1 1 1 9
4 7 2 9
4 7 2 9
1 1 1 9
6 9 2 9
15 20 2 9
82 104 4 9
5 6 2 9
10 13 2 9
7 11 2 9
49 65 3 10
2 2 1 9
131 156 3 9
2 3 2 9
14 18 2 11
19 25 2 9
60 79 2 10
9 11 2 9
6 8 2 11
44 56 3 9
1 1 1 9
7 10 2 9
3 5 2 9
7 9 2 9
13 15 2 9
5 6 2 9
2 4 2 7
10 13 3 9
54 70 2 11
36 53 3 12
8 10 2 9
5 8 2 9
1 1 1 9
9 12 2 9
2 3 2 9
33 38 2 9
10 12 2 9
12 16 2 9
6 6 1 9
53 70 3 9
3 3 1 9
10 14 2 9
5 7 2 9
1 2 2 6
28 39 2 12
5 6 2 9
64 81 3 9
19 24 2 9
2 2 1 9
11 15 2 9
23 31 2 12
48 59 3 10
11 13 2 9
11 15 2 10
4 5 2 9
25 31 2 12
1 3 3 7
11 16 3 12
8 9 2 9
2 3 2 9
29 42 3 12
149 180 2 11
21 23 2 9
10 14 2 12
13 15 2 9
49 61 2 10
4 6 2 9
26 36 2 10
3 3 1 9
253 301 3 11
35 44 2 9
39 47 2 11
6 8 2 9
11 16 3 9
21 30 2 10
79 100 4 10
3 6 3 9
3 3 1 9
127 161 3 12
3 5 2 9
9 13 2 11
12 14 2 9
8 9 2 9
138 179 2 11
21 30 2 11
152 189 3 11
1 2 2 9
7 9 2 9
56 67 2 9
9 10 2 9
28 39 2 10
6 9 2 9
9 12 2 12
21 28 2 10
5 8 2 9
3 4 2 9
98 114 2 10
34 47 2 10
25 36 3 9
4 6 2 9
161 194 3 10
7 9 2 9
174 212 3 12
61 80 2 13
5 5 1 9
66 84 3 9
21 27 2 9
14 16 2 9
15 20 2 9
26 34 2 10
3 5 2 9
4 5 2 9
14 19 2 10
3 4 2 11
15 21 3 10
2 2 1 9
22 30 2 9
3 5 2 9
11 12 2 9
10 13 3 9
34 47 3 9
8 13 2 9
11 13 2 10
6 6 1 9
11 14 2 9
1 1 1 9
53 64 2 10
17 22 2 9
37 48 2 9
3 5 2 9
2 2 1 9
65 84 2 10
2 2 1 9
20 26 2 9
1 2 2 4
13 22 3 9
10 13 2 9
1 1 1 9
13 16 2 9
4 5 2 9
9 11 2 11
3 4 2 9
3 5 2 9
15 20 2 9
8 10 2 9
4 6 2 10
6 7 2 9
2 2 1 9
1 2 2 5
4 6 2 9
2 2 1 9
6 8 2 9
2 2 1 9
18 22 2 11
25 35 2 9
40 50 2 9
44 57 2 9
5 5 1 9
31 39 2 9
5 8 2 9
4 5 2 9
8 11 2 9
2 2 1 9
10 13 2 9
43 53 4 9
10 12 2 9
2 2 1 9
8 10 2 9
5 5 1 9
38 48 3 9
10 11 2 9
39 53 2 10
17 22 3 10
23 28 2 9
14 22 2 9
16 24 3 9
24 26 2 9
13 14 2 9
93 111 3 10
4 5 2 9
3 3 1 9
11 15 2 9
3 3 1 9
7 10 2 9
4 6 2 9
4 6 2 9
2 2 1 9
26 35 2 10
11 13 2 9
67 83 3 9
14 19 2 9
67 91 4 13
3 3 1 9
1 1 1 9
3 4 2 10
4 4 1 9
33 42 2 10
3 3 1 9
46 54 2 10
2 2 1 9
5 7 2 9
31 39 2 9
125 163 2 13
7 9 2 9
149 180 2 11
2 2 1 9
14 19 2 9
3 4 2 9
1 1 1 9
3 5 2 9
57 74 2 10
22 32 3 9
4 4 1 9
2 2 1 9
7 9 2 9
20 23 2 9
15 20 2 9
1 1 1 9
7 11 2 9
5 5 1 9
3 3 1 9
23 26 2 9
3 5 2 9
4 5 2 9
135 169 3 12
12 16 2 14
54 68 2 9
10 10 1 9
1 2 2 6
21 26 2 10
30 40 2 9
56 72 2 9
16 20 2 9
3 4 2 9
7 7 1 9
6 7 2 9
5 7 2 11
121 142 3 11
10 11 2 9
12 16 2 9
12 17 2 9
6 8 2 10
1 1 1 9
5 6 2 9
3 3 1 9
3 4 2 9
26 34 2 9
137 167 2 12
2 3 2 9
11 15 2 9
39 47 2 9
90 105 3 10
1 1 1 9
6 10 2 9
10 12 2 9
10 13 2 9
16 23 2 10
6 7 2 9
217 265 3 11
10 14 3 9
12 14 2 9
3 4 2 9
11 12 2 10
15 20 2 9
25 31 2 10
42 48 2 10
23 28 2 9
5 6 2 9
41 55 2 10
14 17 2 10
50 60 2 11
6 8 2 9
7 10 2 9
7 8 2 9
29 35 2 10
23 30 2 10
19 24 2 9
5 6 2 9
9 10 2 9
8 9 2 9
1 1 1 9
2 2 1 9
105 138 3 10
8 11 2 9
1 1 1 9
1 1 1 9
29 35 2 9
8 8 1 9
31 43 3 10
11 14 2 9
46 62 3 10
99 122 3 9
7 8 2 9
3 4 2 9
8 10 2 10
7 8 2 9
24 28 2 10
3 5 2 9
4 5 2 9
12 18 2 9
1 2 2 8
17 23 2 10
23 25 2 9
27 37 3 9
56 71 2 9
4 4 1 9
10 15 2 10
16 18 2 9
5 6 2 9
65 84 2 9
5 7 2 9
28 41 2 9
21 29 2 9
6 8 2 9
10 14 2 11
2 2 1 9
127 160 3 13
15 16 2 10
4 4 1 9
21 26 2 10
52 71 2 9
69 88 3 12
11 13 2 9
6 7 2 9
100 132 3 11
2 5 2 7
3 3 1 9
42 51 2 9
2 2 1 9
11 14 2 9
22 26 2 9
13 16 2 9
9 10 2 9
65 87 2 9
77 97 2 10
6 7 2 9
6 8 2 9
21 25 2 11
24 34 2 10
9 11 2 9
5 6 2 9
34 42 2 9
4 5 2 9
16 19 2 9
3 3 1 9
50 61 3 12
1 1 1 9
24 30 2 9
5 7 2 9
5 6 2 9
33 39 2 9
13 17 2 9
2 2 1 9
3 4 2 9
7 10 2 9
25 33 2 9
5 7 2 9
3 5 2 9
7 9 2 11
37 47 2 9
11 16 2 9
1 1 1 9
167 207 3 13
2 2 1 9
8 12 2 10
4 5 2 9
13 16 2 10
15 17 2 9
4 5 2 9
6 6 1 9
29 40 2 9
9 12 2 9
8 10 2 9
14 19 2 9
8 9 2 9
50 60 3 9
89 115 3 10
28 38 2 11
9 10 2 9
103 131 2 9
6 7 2 9
8 11 2 9
28 36 2 9
1 2 2 3
42 54 2 9
74 97 3 9
2 4 2 9
2 2 1 9
17 22 2 9
6 7 2 10
10 10 1 9
3 3 1 9
2 3 2 9
11 18 3 9
22 30 2 9
1 2 2 6
10 12 2 9
10 15 2 10
38 48 2 10
6 8 2 9
62 81 2 10
3 5 2 9
31 39 2 9
4 6 2 9
42 55 2 12
3 5 2 9
13 16 2 9
4 6 3 9
15 18 2 9
2 2 1 9
22 32 2 10
7 8 2 11
26 31 2 9
30 40 2 11
3 3 1 9
11 13 2 13
37 51 2 10
7 9 2 9
8 11 2 9
11 17 2 9
12 15 2 9
6 6 1 9
47 61 3 9
6 10 2 9
2 2 1 9
77 97 2 11
23 28 2 10
10 12 2 9
21 25 2 9
2 3 2 9
3 3 1 9
3 3 1 9
7 9 2 9
8 12 2 9
7 12 2 10
13 18 2 10
25 38 3 9
62 83 3 10
10 12 2 9
16 22 2 9
4 5 2 9
3 3 1 9
39 48 2 11
4 4 1 9
13 16 2 9
1 2 2 7
7 12 2 9
8 11 2 9
1 1 1 9
3 4 2 9
16 20 2 10
167 208 3 13
77 98 2 10
15 18 2 9
15 21 3 9
10 14 2 9
127 161 2 12
21 25 2 9
1 1 1 9
4 4 1 9
4 4 1 9
3 4 2 9
5 5 1 9
18 22 3 10
7 7 1 9
23 26 2 9
2 2 1 9
2 2 1 9
17 23 2 9
3 4 2 9
4 6 2 9
3 4 2 9
43 58 2 9
5 9 4 9
50 61 2 9
3 3 1 9
2 4 2 9
6 7 2 9
2 3 2 9
1 1 1 9
4 4 1 9
8 11 2 9
27 33 3 9
34 46 3 9
19 26 2 9
1 2 2 9
14 20 2 9
26 34 2 10
35 40 2 10
27 34 2 10
6 7 2 9
2 3 2 9
2 2 1 9
6 8 2 9
2 2 1 9
3 3 1 9
8 9 2 9
38 48 2 10
13 16 2 9
4 5 2 9
9 13 2 11
21 26 2 9
15 19 2 9
11 15 2 9
19 23 2 9
7 11 2 9
56 65 2 9
16 17 2 9
23 30 2 9
2 3 2 9
9 13 2 9
5 7 2 9
4 5 2 9
5 6 2 9
4 5 2 9
7 10 2 9
1 1 1 9
10 13 2 9
12 18 3 9
27 38 2 10
1 2 2 6
16 20 2 10
5 7 2 9
1 2 2 5
9 13 2 9
25 32 2 9
18 22 2 9
6 9 2 9
16 23 3 9
4 5 2 9
3 3 1 9
12 13 2 9
29 33 2 9
8 9 2 9
6 6 1 9
4 6 2 9
3 4 2 9
46 58 2 11
18 23 2 10
7 9 2 9
69 89 2 10
35 50 2 9
6 7 2 9
66 82 2 10
22 29 2 10
6 6 1 9
8 11 2 9
32 40 2 9
7 9 2 9
20 29 2 10
19 26 2 9
17 20 2 9
3 4 2 9
6 7 2 9
5 6 2 9
30 37 2 9
6 12 4 9
2 3 2 9
6 9 2 9
15 16 2 9
2 4 2 9
4 5 2 9
9 11 2 9
18 26 2 9
4 6 2 9
9 9 1 9
11 13 2 9
20 26 2 9
63 78 2 10
21 25 2 9
23 28 2 9
13 16 2 9
9 11 2 9
11 20 3 9
7 9 2 9
20 28 2 9
40 50 2 9
12 16 2 9
9 11 3 9
18 21 3 9
5 6 2 9
40 50 2 11
26 34 2 13
6 6 1 9
4 5 2 9
9 11 2 9
18 25 3 9
8 12 2 10
15 20 2 9
5 5 1 9
12 16 2 9
2 2 1 9
3 5 2 9
10 16 2 10
8 11 2 9
11 14 2 9
5 7 2 9
37 48 3 9
134 176 3 10
3 3 1 9
57 74 3 10
5 7 2 9
92 124 3 11
4 6 2 9
2 2 1 9
3 4 2 9
32 45 4 12
16 22 2 9
57 65 2 10
153 189 3 12
16 19 2 9
101 127 2 11
20 23 2 9
6 9 2 9
6 9 2 9
4 5 2 9
59 78 3 9
17 23 3 10
3 3 1 9
22 31 3 9
3 5 2 9
13 16 2 10
13 15 2 10
4 10 3 9
7 10 2 9
9 11 2 9
6 7 2 9
2 2 1 9
19 24 2 9
5 6 2 9
15 20 2 9
8 13 2 9
9 13 2 9
19 25 2 9
102 126 3 12
8 8 1 9
5 5 1 9
3 5 2 9
19 25 2 9
1 1 1 9
1 2 2 6
6 7 2 9
22 29 2 9
5 5 1 9
1 2 2 9
9 9 1 9
6 7 2 9
9 11 2 9
26 32 2 9
5 6 2 9
28 35 3 9
7 12 2 9
4 4 1 9
8 10 2 9
10 14 2 9
14 18 2 9
3 4 2 9
3 5 2 9
4 7 2 9
5 7 2 9
4 5 2 9
8 14 2 9
12 15 2 9
6 9 2 11
13 17 2 9
19 27 2 9
5 7 2 9
7 8 2 9
6 7 2 9
2 2 1 1
4 5 2 9
6 8 2 9
19 21 2 10
19 26 2 9
7 9 2 9
11 14 2 9
9 11 2 9
12 18 2 9
14 19 2 10
7 9 2 9
6 8 2 10
4 6 2 9
35 48 2 11
29 39 2 9
14 16 2 9
101 131 2 13
7 11 2 10
10 12 2 9
78 101 2 10
2 2 1 9
1 1 1 9
3 4 2 9
20 27 2 9
137 160 3 9
54 68 3 13
7 8 2 9
14 17 2 9
5 5 1 9
18 19 2 9
26 30 2 9
7 10 2 10
4 6 2 9
26 37 2 10
16 19 2 10
3 4 2 9
7 8 2 10
21 28 2 11
12 15 2 9
15 19 2 9
3 4 2 9
20 33 3 11
13 19 3 10
2 3 2 9
16 21 2 9
18 22 2 9
6 8 2 9
9 12 2 9
11 14 2 10
26 32 2 10
53 67 2 9
3 3 1 9
54 72 3 10
1 1 1 9
12 15 2 9
80 104 3 11
13 14 2 9
12 17 2 11
5 6 2 9
5 8 2 9
2 3 2 9
35 44 2 9
5 5 1 9
3 4 2 9
2 2 1 9
5 7 2 9
7 8 2 9
28 37 2 9
11 12 2 9
44 58 2 11
7 10 2 10
7 11 3 9
4 4 1 9
5 7 2 9
24 30 2 9
35 40 2 9
81 102 3 11
15 17 2 9
18 22 2 9
58 73 2 9
24 33 2 11
1 1 1 9
5 6 2 9
5 6 2 9
21 27 3 10
88 107 2 10
2 3 2 9
11 14 2 9
18 23 2 9
3 4 2 9
14 17 2 9
7 9 2 9
15 19 2 11
6 7 2 9
8 10 2 9
9 11 2 9
3 4 2 9
11 14 2 9
4 6 2 9
45 57 2 11
5 7 2 9
23 28 2 9
4 4 1 9
26 37 3 9
15 20 2 10
4 4 1 9
2 2 1 9
12 17 2 9
10 12 2 9
2 2 1 9
24 30 2 9
6 8 2 9
2 2 1 9
3 5 2 9
26 30 2 9
2 2 1 9
2 3 2 9
7 9 2 9
3 4 2 9
47 61 3 10
44 53 2 9
8 8 1 9
36 43 2 10
7 12 3 9
15 19 2 9
3 3 1 9
15 17 2 9
34 46 2 10
42 55 3 9
19 25 2 9
2 4 2 4
7 9 2 9
2 4 2 8
14 19 2 9
7 9 2 9
30 40 2 9
2 3 2 9
64 85 3 11
13 18 2 9
8 11 2 9
7 9 3 9
24 33 2 10
46 65 2 9
1 1 1 9
4 4 1 9
53 75 3 10
13 18 2 9
31 40 2 11
34 51 2 9
1 2 2 5
9 11 2 10
27 36 2 9
34 46 2 10
3 4 2 9
9 13 2 9
23 26 2 9
65 88 3 9
6 8 2 9
2 3 2 9
17 19 2 9
5 8 3 9
23 28 2 9
8 11 2 9
12 22 3 10
17 25 2 9
24 30 2 9
5 5 1 9
7 10 3 11
72 85 2 11
33 48 3 10
36 44 4 11
26 33 2 9
10 13 2 9
40 56 2 11
3 3 1 9
10 15 2 9
10 12 2 9
5 5 1 9
8 10 2 10
134 170 2 10
59 67 2 9
6 7 2 9
3 4 2 9
3 4 2 9
19 28 3 9
54 66 2 10
6 8 2 9
13 16 2 9
25 37 3 10
4 5 2 9
37 49 2 9
5 7 2 10
8 10 2 12
11 14 2 9
2 3 2 9
23 30 2 10
118 137 2 9
4 7 2 9
2 2 1 9
25 35 3 11
3 5 2 9
4 4 1 9
5 8 2 9
13 17 2 9
42 50 3 10
13 17 2 10
2 3 2 9
8 8 1 9
7 8 2 9
7 9 2 9
6 7 2 9
19 28 2 9
4 4 1 9
132 164 3 12
15 20 2 9
7 10 2 10
17 20 2 9
58 73 2 9
5 7 2 9
6 8 2 9
19 22 2 9
1 1 1 9
8 9 2 9
3 4 2 9
2 3 2 9
32 40 2 11
25 33 3 11
12 14 2 9
10 12 2 9
19 23 2 9
50 65 2 10
115 149 2 10
25 31 3 9
1 1 1 9
2 4 2 10
4 4 1 9
76 90 2 9
6 7 2 9
34 49 4 10
9 12 2 9
4 6 2 9
6 8 2 9
127 152 3 9
35 44 2 9
3 3 1 9
10 13 2 9
5 8 2 9
4 4 1 9
4 5 2 9
14 17 2 9
4 4 1 9
93 121 2 11
21 26 2 9
17 26 2 11
46 62 2 9
6 10 3 9
54 62 2 9
5 6 2 9
3 3 1 9
4 4 1 9
18 22 2 9
7 9 2 9
52 70 3 9
64 78 2 11
7 9 2 9
40 44 2 9
64 77 2 11
1 1 1 9
41 55 2 9
28 38 2 9
3 4 2 10
8 14 2 9
9 14 2 9
9 12 2 9
7 10 2 9
7 8 2 9
32 45 2 9
5 7 2 9
3 4 2 9
4 5 2 9
8 9 2 9
85 110 2 9
3 5 2 9
18 24 3 12
1 1 1 9
3 6 2 7
5 8 2 9
63 83 3 12
9 12 2 9
2 3 2 9
37 50 3 10
3 3 1 9
19 25 2 10
7 9 2 9
5 7 2 10
3 3 1 9
10 14 2 9
8 10 2 10
3 5 2 9
39 51 2 9
45 67 2 12
5 7 2 9
19 25 2 9
2 2 1 9
6 9 2 13
8 13 2 9
51 70 3 11
15 18 2 9
17 27 3 10
5 7 2 9
6 7 2 9
20 22 2 9
1 1 1 9
4 4 1 9
10 13 2 9
36 47 3 9
29 39 2 10
12 17 2 9
7 10 2 9
36 46 2 12
26 34 2 9
5 5 1 9
5 8 2 11
9 12 2 11
69 86 2 10
10 14 2 9
51 60 2 10
6 8 2 9
48 61 2 12
8 8 1 9
92 110 3 10
3 4 2 5
4 7 3 10
4 4 1 9
6 7 2 9
1 1 1 9
28 37 3 9
15 18 2 9
1 1 1 9
4 5 2 9
9 12 2 9
23 31 3 9
5 5 1 9
9 10 2 9
6 6 1 9
14 19 2 11
4 4 1 9
15 22 2 9
4 5 2 9
3 3 1 9
1 1 1 9
2 2 1 9
12 16 2 9
8 10 2 9
2 3 2 9
9 12 2 9
18 21 2 9
7 8 2 9
42 51 2 9
2 2 1 9
1 2 2 4
8 10 2 9
11 15 2 9
17 25 2 9
5 5 1 9
7 10 2 10
47 62 2 9
12 17 2 9
4 5 2 10
9 10 2 9
4 4 1 9
6 6 1 9
7 10 2 9
30 35 2 11
7 12 3 11
2 2 1 9
9 12 2 9
3 8 3 8
6 8 2 9
2 3 2 9
11 14 2 9
3 4 2 9
5 7 2 9
4 5 2 9
3 3 1 9
2 2 1 9
12 17 2 9
1 1 1 9
35 44 2 10
5 6 2 9
2 3 2 9
16 21 2 9
8 13 2 9
3 3 1 9
17 21 2 16
5 6 2 9
3 3 1 9
6 7 2 9
4 5 2 10
1 1 1 9
5 5 1 9
12 14 2 9
9 11 2 9
42 58 3 10
31 39 3 9
14 22 2 9
17 23 2 11
13 17 2 9
12 16 2 10
11 15 2 9
3 4 2 9
4 6 2 9
60 82 3 11
20 25 3 11
4 6 2 9
2 3 2 9
9 14 3 11
9 11 2 9
2 2 1 9
3 3 1 9
20 26 2 9
9 10 2 9
9 10 2 9
7 10 2 9
51 61 3 11
7 9 2 10
12 16 2 9
4 4 1 9
13 17 2 9
17 20 2 11
57 66 2 10
29 35 2 11
28 40 3 11
31 42 2 9
17 23 2 10
6 8 2 10
10 12 2 9
26 36 2 10
2 3 2 9
4 6 2 9
4 5 2 9
7 11 2 9
112 142 2 11
4 6 3 9
6 6 1 9
3 5 2 9
3 4 2 9
13 18 2 10
70 91 2 11
9 10 2 9
17 22 2 9
77 104 3 11
7 8 2 9
19 24 2 9
24 30 2 9
6 7 2 9
4 5 2 9
39 50 3 10
3 4 2 9
25 36 3 9
3 5 2 9
8 10 2 9
4 6 2 9
15 18 2 9
9 11 2 9
29 39 3 9
15 21 2 9
14 18 2 9
1 2 2 5
129 156 3 11
13 15 2 9
10 14 2 10
5 8 2 9
11 13 2 11
25 30 2 9
15 21 2 9
39 49 3 10
5 5 1 9
5 9 2 11
4 4 1 9
18 28 2 9
38 47 2 9
17 26 3 9
3 5 2 9
47 57 2 9
6 9 2 9
3 4 2 9
41 55 3 11
20 26 2 9
7 9 2 9
4 5 2 9
4 4 1 9
254 309 3 10
2 3 2 9
11 13 2 9
19 26 2 9
3 6 2 9
38 50 2 10
9 14 2 9
16 24 4 9
36 45 2 9
20 26 3 9
3 5 2 9
58 75 3 9
16 21 3 10
152 186 3 13
2 2 1 9
4 5 2 9
22 26 2 9
51 68 3 10
10 11 2 9
8 11 2 9
45 60 2 9
122 153 3 11
30 39 3 9
10 11 2 9
8 11 2 9
157 189 3 9
4 5 2 9
15 18 3 10
17 24 3 9
6 9 2 9
26 29 2 10
5 6 2 9
3 4 2 9
4 4 1 9
18 25 2 9
7 10 2 9
22 24 2 9
2 3 2 9
13 19 2 11
86 108 3 9
18 25 2 9
22 27 3 9
16 21 2 10
3 4 2 9
2 2 1 9
2 2 1 9
13 16 2 9
7 9 2 10
2 2 1 9
12 14 2 9
6 8 2 9
10 11 2 9
11 13 2 9
3 3 1 9
5 6 2 9
8 11 2 9
25 30 2 9
20 25 2 11
16 19 2 9
8 11 2 9
11 16 2 9
58 70 2 9
8 10 2 9
13 17 2 9
11 14 2 9
11 17 2 10
2 2 1 9
12 18 2 9
17 21 2 9
4 5 2 9
5 6 2 9
5 7 2 10
96 122 2 11
21 25 2 11
41 56 2 10
2 3 2 9
5 6 2 9
2 3 2 9
5 6 2 9
7 11 2 11
17 24 2 10
5 5 1 9
13 17 2 10
5 6 2 9
11 14 2 9
185 228 2 11
9 10 2 10
7 9 2 9
13 20 2 9
33 38 2 9
11 14 2 9
7 9 2 9
9 13 2 9
10 13 2 9
90 111 2 12
14 17 2 9
9 9 1 9
13 18 2 9
9 12 2 9
33 45 3 11
18 22 2 9
1 1 1 9
2 2 1 9
5 6 2 12
9 12 3 9
59 76 2 9
9 12 2 9
22 27 2 9
2 3 2 9
7 8 2 9
71 90 2 9
8 12 2 9
7 11 2 12
34 44 2 9
5 5 1 9
8 11 2 9
4 6 2 9
8 10 2 10
3 4 2 9
16 17 2 9
2 2 1 9
1 1 1 9
24 33 2 10
5 5 1 9
14 20 2 9
9 10 2 9
10 13 2 14
4 4 1 9
127 159 4 10
88 116 2 10
36 48 2 11
30 42 3 9
21 26 2 9
6 7 2 9
18 25 2 9
24 30 2 9
9 13 3 9
6 8 2 9
42 53 2 9
9 13 2 9
12 17 2 9
5 6 2 9
18 21 2 9
11 13 2 11
1 1 1 9
8 9 2 9
3 3 1 9
2 3 2 9
203 239 2 12
5 7 2 9
3 3 1 9
5 6 2 9
8 12 2 11
17 19 2 9
2 2 1 9
4 5 2 9
3 4 2 9
8 11 2 9
8 14 4 10
12 17 2 9
6 10 2 9
11 16 2 9
21 27 2 9
13 16 2 9
8 11 2 9
2 3 2 9
16 22 2 12
9 11 2 9
3 4 2 9
3 5 2 9
3 3 1 9
5 7 2 9
4 4 1 9
60 76 2 10
18 23 2 9
35 42 2 9
7 7 1 9
7 10 2 9
18 26 2 9
2 4 2 8
5 6 2 10
3 5 2 9
7 8 2 9
2 3 2 9
4 5 2 9
18 25 3 9
15 19 2 9
17 26 2 9
3 3 1 9
1 1 1 9
2 2 1 9
1 1 1 9
30 42 3 10
14 20 3 11
60 83 3 10
5 7 2 11
3 3 1 9
18 22 2 10
1 1 1 9
13 16 2 9
2 3 2 9
149 186 2 10
2 2 1 9
14 19 3 9
2 3 2 9
28 33 2 9
2 2 1 9
2 2 1 9
22 30 2 10
27 37 2 9
20 24 2 9
1 1 1 9
33 42 2 9
55 68 2 10
1 2 2 8
4 5 2 9
6 8 2 9
4 7 2 9
24 32 3 11
60 76 2 9
5 7 2 10
8 10 2 10
6 7 2 9
4 6 2 10
15 20 3 9
5 7 2 9
7 8 2 9
25 28 2 9
10 13 2 9
6 8 2 9
24 33 2 9
8 9 2 10
8 11 3 9
5 6 2 9
11 14 2 9
13 18 3 10
9 11 2 9
36 46 3 9
13 17 2 9
5 8 2 9
27 37 3 10
34 48 2 10
112 139 2 10
13 15 2 9
13 16 2 12
12 13 2 9
15 17 2 9
2 2 1 9
27 33 2 10
173 206 2 9
10 13 3 9
10 15 2 9
15 20 2 9
3 5 2 9
3 3 1 9
35 42 2 11
16 19 2 10
14 20 3 9
135 158 2 10
15 20 2 10
6 7 2 9
43 51 2 10
6 7 2 9
36 47 3 9
2 3 2 9
4 4 1 9
5 6 2 9
6 7 2 9
9 10 2 9
8 11 2 9
4 8 3 9
30 37 2 10
3 4 2 9
6 7 2 9
12 16 3 10
25 32 2 10
2 4 2 4
4 5 2 10
5 6 2 9
77 97 3 9
8 9 2 9
2 3 2 9
6 8 2 9
1 2 2 9
4 5 2 9
3 5 2 9
3 4 2 10
23 32 3 10
4 5 2 9
4 4 1 9
5 6 2 9
6 9 2 9
37 49 2 9
53 72 2 10
12 16 2 10
41 55 2 13
2 2 1 9
12 14 2 9
32 41 3 9
5 8 2 10
3 5 2 9
21 26 2 9
3 3 1 9
6 10 2 9
1 1 1 9
2 2 1 9
132 160 2 12
49 62 3 9
10 11 2 9
27 36 2 9
2 2 1 9
2 2 1 9
1 2 2 1
85 110 3 10
9 11 2 9
11 14 3 9
3 5 2 9
1 1 1 9
18 23 2 9
19 24 2 9
65 86 3 10
5 5 1 9
4 6 2 9
8 10 2 9
3 5 2 9
47 53 2 9
59 76 3 11
6 7 2 9
5 6 2 9
10 13 2 11
3 4 2 10
9 14 3 9
4 6 2 9
3 3 1 9
10 14 2 9
42 57 2 11
7 10 2 9
4 4 1 9
19 24 2 10
21 27 2 9
3 3 1 9
8 12 3 9
73 99 3 11
23 27 2 9
15 18 2 9
69 92 2 10
15 18 2 9
35 49 2 9
57 77 3 9
7 11 2 9
2 2 1 9
1 2 2 7
64 82 3 11
22 27 2 10
1 1 1 9
13 18 2 12
13 13 1 9
12 16 2 9
14 18 3 9
1 1 1 9
3 5 2 9
9 12 2 9
8 10 2 9
9 14 3 9
4 6 2 9
14 17 2 12
2 3 2 9
62 82 2 12
5 7 2 9
63 77 2 10
10 13 2 9
12 14 2 9
5 6 2 11
7 11 2 9
1 1 1 9
5 6 2 10
20 26 2 9
33 46 2 11
54 70 3 10
9 9 1 9
2 3 2 9
41 56 3 11
17 23 2 9
30 32 2 9
16 18 2 9
16 20 2 11
29 37 2 9
11 15 2 9
3 5 2 9
4 5 2 9
3 3 1 9
1 2 2 4
79 110 3 9
3 3 1 9
3 4 2 9
7 8 2 9
10 14 2 9
3 3 1 9
17 23 2 9
8 11 2 10
5 6 2 9
50 62 2 10
15 16 2 9
43 57 2 9
4 4 1 9
5 7 2 9
12 17 2 10
3 3 1 9
10 13 2 9
51 66 2 11
16 20 3 9
5 6 2 9
6 9 2 9
9 10 2 9
5 5 1 9
4 5 2 9
5 9 2 9
7 9 2 9
10 14 2 9
23 31 2 12
8 10 2 9
17 17 1 9
11 13 2 9
4 5 2 9
35 45 2 9
18 20 2 9
6 8 2 9
6 9 2 9
3 3 1 9
24 30 2 13
2 2 1 9
6 8 2 9
7 8 2 9
7 11 4 9
38 52 2 9
1 1 1 9
6 10 2 9
17 24 2 9
6 7 2 10
31 40 2 9
4 5 2 9
26 36 2 10
2 2 1 9
16 20 3 9
2 3 2 9
1 1 1 9
3 6 2 9
44 57 3 11
56 70 3 10
3 3 1 9
6 8 2 9
11 14 2 9
20 24 2 9
11 16 2 9
20 27 2 11
6 6 1 9
4 5 2 12
6 6 1 9
16 22 3 10
19 28 2 11
3 3 1 9
4 5 2 9
1 2 2 5
45 51 2 9
31 43 3 9
4 6 2 9
11 14 2 9
16 22 2 10
14 15 2 9
47 52 2 9
5 5 1 9
11 15 2 9
1 2 2 2
22 30 2 9
13 19 2 9
4 4 1 9
9 15 3 10
19 28 2 10
4 6 2 9
2 4 3 9
9 10 2 9
14 17 2 9
33 40 2 9
14 17 2 9
6 6 1 9
23 32 2 9
44 56 2 9
9 10 2 9
8 10 2 11
4 6 2 9
1 2 2 6
11 13 2 9
171 220 3 10
2 2 1 9
7 9 2 9
9 12 2 9
25 36 2 9
12 17 2 9
4 5 2 9
3 3 1 9
62 73 2 12
2 3 2 9
4 6 2 9
38 52 2 9
3 4 2 9
9 14 2 9
3 4 2 9
17 23 3 9
6 9 2 9
2 3 2 9
5 7 2 9
19 25 3 9
5 6 2 9
6 7 2 9
1 1 1 9
148 177 2 12
9 12 2 9
1 1 1 9
3 3 1 9
5 5 1 9
30 39 2 9
65 82 3 9
59 78 2 10
7 11 2 11
27 40 3 10
22 31 2 9
16 28 2 10
11 14 2 9
1 1 1 9
96 119 3 10
8 8 1 9
5 6 2 9
8 10 2 9
30 42 2 9
4 7 2 9
13 22 2 10
11 14 2 9
84 110 3 11
7 8 2 9
13 14 2 9
38 50 3 12
12 16 2 9
3 3 1 9
11 14 2 9
11 12 2 9
15 21 2 10
126 145 3 10
2 2 1 9
4 4 1 9
12 16 3 9
4 5 2 9
76 96 2 10
22 30 2 9
4 5 2 9
47 59 3 9
5 8 2 9
18 24 2 9
19 24 2 9
9 14 2 11
2 2 1 9
4 4 1 9
50 67 3 10
19 25 2 9
8 10 2 9
29 41 3 10
32 41 2 10
14 21 2 9
38 47 2 10
14 19 3 9
11 12 2 9
2 2 1 9
5 5 1 9
9 10 2 9
2 3 2 9
3 3 1 9
17 21 3 9
7 11 2 9
1 1 1 9
24 33 3 9
13 18 2 9
6 8 2 9
14 16 2 9
34 44 3 10
8 10 2 9
5 6 2 9
4 5 2 9
4 4 1 9
4 6 2 9
16 21 2 9
6 11 2 9
10 14 2 9
11 14 2 11
7 8 2 9
1 1 1 9
11 14 2 9
5 6 2 9
26 32 2 9
12 16 2 9
5 7 2 9
15 20 2 9
3 5 2 9
13 19 2 9
18 26 3 9
50 64 2 9
105 134 2 12
1 2 2 5
13 15 2 10
10 15 2 9
12 19 2 9
3 3 1 9
9 13 2 9
43 51 2 10
20 28 2 10
13 15 2 10
2 2 1 9
35 45 3 9
7 7 1 9
16 19 2 9
24 28 2 9
25 30 2 9
10 13 2 9
13 16 2 9
5 6 2 9
7 9 2 9
70 92 2 9
36 49 2 9
5 7 2 9
8 10 2 10
9 12 2 10
5 6 2 9
2 2 1 9
20 22 2 10
10 12 2 9
3 4 2 9
6 9 3 9
5 7 2 10
50 63 2 9
9 11 2 9
1 1 1 9
69 91 3 12
25 32 2 10
5 5 1 9
3 4 2 9
6 7 2 9
14 20 2 9
31 34 2 9
8 12 2 9
19 24 2 9
12 13 2 9
2 3 2 9
5 6 2 10
26 35 2 10
2 2 1 9
21 23 2 9
13 16 2 11
105 135 3 12
28 32 2 9
7 10 2 9
5 6 2 9
8 11 2 9
5 6 2 9
42 59 2 9
3 3 1 9
47 61 2 9
6 8 2 9
44 50 2 9
4 4 1 9
4 4 1 9
8 8 1 9
9 14 2 9
95 112 2 12
2 3 2 9
8 12 2 9
40 48 2 9
18 27 3 9
5 5 1 9
2 2 1 9
11 13 2 9
21 27 2 9
27 32 2 9
46 57 3 11
4 6 2 11
6 7 2 9
8 14 4 9
22 25 2 9
15 20 2 10
11 17 3 11
12 17 2 9
100 136 2 9
40 53 2 9
11 12 2 9
24 36 2 9
4 5 2 9
12 12 1 9
9 12 2 10
6 10 3 9
8 9 2 9
14 20 2 10
37 47 2 10
8 11 2 9
21 28 3 9
1 1 1 9
3 4 2 9
39 47 2 10
17 18 2 9
19 25 2 9
21 27 2 13
1 2 2 8
15 19 2 9
18 22 2 9
4 5 2 9
25 32 2 9
35 42 2 9
4 5 2 9
4 4 1 9
71 93 2 10
46 56 3 10
3 4 2 9
27 35 3 9
3 5 2 9
10 13 2 9
6 10 2 9
52 61 2 10
54 71 3 10
18 23 2 10
2 2 1 9
21 23 2 9
4 4 1 9
15 20 2 9
17 19 2 9
39 49 3 9
8 10 2 9
3 4 2 9
19 29 2 9
1 1 1 9
3 3 1 9
6 9 2 10
4 7 2 9
41 57 2 9
22 28 2 9
6 6 1 9
14 17 2 9
13 17 3 9
6 7 2 9
9 11 2 9
16 20 2 9
9 14 2 9
13 16 2 9
13 18 2 9
29 38 2 9
24 27 2 10
6 10 2 9
2 2 1 9
3 4 2 9
3 5 2 9
35 44 2 11
11 14 2 12
4 6 2 9
47 63 3 9
103 127 3 9
7 10 2 9
17 21 2 14
27 39 2 10
61 75 2 10
37 55 2 10
5 6 2 9
4 4 1 9
40 53 2 10
19 25 2 10
42 53 2 10
11 15 2 9
21 25 2 9
33 44 2 9
30 37 3 10
5 6 2 9
151 194 3 10
21 31 2 9
19 26 3 9
7 9 2 11
4 4 1 9
15 20 2 9
10 17 2 10
2 2 1 9
7 9 2 10
5 7 2 9
3 4 2 9
2 3 2 9
4 6 2 9
34 47 3 11
2 2 1 9
12 15 3 9
18 21 2 9
9 13 3 12
18 22 2 10
38 53 2 10
2 2 1 9
7 9 2 9
22 29 2 10
29 36 2 9
3 3 1 9
14 22 2 11
13 17 2 9
78 103 3 9
9 12 2 9
26 34 2 10
14 16 2 9
5 6 2 11
6 8 2 9
105 138 4 10
29 35 2 11
8 10 2 9
55 75 2 11
16 23 2 10
14 17 2 12
20 27 2 10
3 3 1 9
25 33 2 9
7 9 2 9
32 40 2 9
12 16 2 10
4 5 2 9
1 2 2 1
8 9 2 9
28 35 2 9
69 87 3 11
8 10 2 9
31 37 2 9
28 36 2 13
2 2 1 9
22 27 2 9
30 42 2 9
1 2 2 1
42 59 2 9
8 10 2 9
21 23 2 9
21 25 2 9
18 24 2 9
35 45 3 11
36 46 2 10
16 23 3 9
19 23 2 9
11 12 2 9
5 6 2 9
3 3 1 9
8 10 2 9
13 20 2 9
2 2 1 9
12 15 2 11
27 34 2 9
20 25 2 9
2 2 1 9
27 40 4 10
8 11 2 9
2 4 2 9
13 17 2 9
14 16 2 9
19 22 2 9
21 28 2 10
14 18 2 9
17 22 3 9
2 3 2 9
4 5 2 9
12 12 1 9
3 3 1 9
7 10 2 9
2 2 1 9
129 157 2 10
20 25 2 9
16 20 2 9
4 4 1 9
32 45 2 11
4 5 2 9
11 15 2 9
12 14 2 9
34 12 16 2 10
2 3 2 9
165 210 2 9
3 5 2 9
1 1 1 9
2 2 1 9
37 49 2 10
2 2 1 9
60 88 3 12
36 44 3 9
1 1 1 9
54 71 2 10
3 3 1 9
1 2 2 8
1 1 1 9
3 4 2 9
3 3 1 9
6 8 2 9
13 16 2 11
63 76 2 10
4 6 2 9
10 15 2 9
45 57 3 10
3 4 2 9
8 13 2 9
67 91 4 9
7 9 2 9
7 9 2 9
49 65 2 9
5 6 2 9
7 9 2 9
3 3 1 9
34 47 3 10
132 171 3 12
8 9 2 9
96 121 2 11
57 73 2 11
4 5 2 11
31 37 2 9
7 11 3 10
2 2 1 9
16 21 2 9
4 5 2 9
34 46 3 9
20 27 3 10
35 39 2 10
12 18 2 11
6 6 1 9
16 23 2 9
3 4 2 9
3 3 1 9
2 3 2 9
24 34 2 10
4 5 2 9
23 28 2 9
11 17 2 9
5 6 2 9
6 9 2 9
162 198 3 9
91 112 2 11
2 2 1 9
5 5 1 9
9 10 2 9
5 6 2 9
7 8 2 10
62 75 2 9
5 8 2 9
2 4 2 9
11 13 2 9
64 86 2 10
143 171 2 9
1 2 2 9
4 4 1 9
9 12 3 9
2 2 1 9
15 20 2 9
18 23 2 10
24 33 3 10
10 15 2 11
1 1 1 9
9 11 2 9
4 5 2 9
2 3 2 9
7 9 3 9
11 13 2 9
15 17 2 9
30 37 2 10
9 10 2 9
4 4 1 9
12 17 2 9
4 5 2 9
3 3 1 9
8 8 1 9
2 2 1 9
2 3 2 10
13 16 2 10
7 10 2 9
19 25 2 9
86 103 3 9
22 25 2 9
14 20 3 9
31 42 3 9
8 12 2 9
103 126 2 10
57 75 2 10
6 8 2 9
20 24 2 9
19 25 4 11
3 5 2 9
8 12 3 9
6 9 2 9
6 8 3 9
30 37 2 10
19 23 2 9
35 46 3 9
73 94 2 9
13 16 2 9
26 33 2 9
4 4 1 9
94 118 3 9
24 26 2 9
10 13 2 9
3 4 2 9
21 23 2 9
13 14 2 9
126 145 2 12
4 5 2 9
111 